0.22024338502132876 0.3323052246082932
0.20731914493957734 0.32492161057895835
0.19284915260323549 0.31570493242731923
0.1923037778370576 0.3153278898298303
0.17793482826857318 0.3045600470579053
0.17037494767321829 0.2981107230032939
0.1685089819066722 0.2964697573053928
0.16139000128541028 0.2896013354774708
0.15555120372571696 0.28341723790017925
0.1542008333980491 0.2818537499724365
0.15056237710805653 0.2776851464378918
0.14615911232749013 0.2722722701671273
0.14221391321958005 0.26710272324414963
0.1386559062667499 0.26212311247329506
0.13825424224209415 0.26152454186329704
0.13531406267759366 0.2572946285949082
0.13222753061167858 0.2525927100519275
0.13026715491084856 0.24941808562913512
0.12934916523510545 0.24799497143429894
0.12657783690321253 0.24349549567312154
0.12423865095605496 0.23942970333009336
0.12401724904832796 0.23906342105240208
0.12147774663641471 0.2347215686211944
0.11924154112164329 0.230593994136652
0.11914149165839305 0.23041878281242467
0.11679058016186455 0.226201871322743
0.11488615129079402 0.2225004289664709
0.11461801851990955 0.22200642154246922
0.11243590952915501 0.2178857743825558
0.11099307012406287 0.21494991242899997
0.11038841715667123 0.2137822952721492
0.10837003989706805 0.20972965459521026
0.10747820409975603 0.20783495028980065
0.10642482622797073 0.2057048445574338
0.104575419426129 0.20169084072894372
0.10430535615695372 0.20109138546739305
0.10272203819187746 0.1977307032224614
0.10138609621567946 0.19462749776745703
0.10099492357510932 0.19375576126098717
0.09929404039373863 0.18981224648048947
0.09872820307627717 0.18842246935602056
0.09765663438969556 0.18587743147033048
0.09634977508794519 0.18246192863795643
0.09613585176909929 0.18191756089121838
0.09464253656967263 0.1779794502165545
0.09418592760255097 0.17668614224426027
0.09323451596282363 0.17402775755716324
0.09229305000854769 0.17110789911743646
0.09194821647353738 0.17003846687796603
0.09076489025281462 0.16602072462459408
0.0906774278590712 0.16571179205388084
0.08965078280031727 0.16199373287589341
0.0892738240667233 0.16044946359269527
0.08868779419514211 0.15790919598370343
0.08817562579595566 0.15535435932108976
0.08788941430012835 0.15376107699966582
0.08738261881800385 0.1504132336335002
0.08727635036436421 0.14954149190532254
0.0869008367704879 0.1456180576649918
0.08687962833371653 0.14523985138794065
0.08674312049002547 0.14096567717892947
0.08674557766466744 0.1408417715284056
0.08692999606317543 0.13645777132391204
0.08694413316492089 0.13632769584011714
0.08749094722337628 0.13210112954511813
0.08758328664208473 0.13167124280434514
0.08846619874373594 0.1279082977491569
0.08883566141009226 0.1268375999998448
0.0899091847291929 0.12389869063453576
0.09099084376279327 0.12178342065636685
0.09188995935976188 0.12010033376055278
0.09449337775128751 0.11654967157384373
0.09457492227636553 0.11646172493037767
0.0976798666010971 0.1132317919981332
0.1010121987679795 0.11077600963369286
0.10172692749111739 0.11027245695595526
0.10662670776989587 0.10767802526018645
0.11269995209920178 0.10560771439905474
0.1172827994794334 0.10467152248826422
0.12013011506484633 0.10417212416298553
0.12929042388942927 0.1035882573305498
0.1407930292506138 0.10422536718183885
0.15477794320451008 0.10652685036658716
0.15555354272825367 0.10667911427666706
0.17530096852947086 0.11214045867273087
0.19192687137485953 0.1183635276089602
0.2040475164001056 0.1235822577192549
0.21892504453266295 0.1309703587541208
0.24166026766799098 0.14395644571006844
0.2615554407068961 0.1571151735521595
0.2650369520884808 0.1596587077556796
0.2787128946570946 0.17003956100351336
0.2787128946570946 0.17003956100351336
0.29389409453932247 0.1827720607700159
0.30042460497461065 0.18875928459593222
0.3073302528706094 0.1952054195603058
0.319298718843618 0.2073091648522804
0.33012316169329464 0.21912384674550786
0.3399600058985812 0.23062430666035968
0.34888272590753605 0.24175397059664677
0.3508639971939873 0.2444064206008032
0.35719901146411787 0.2526209811224288
0.36498293445902374 0.2632051229094871
0.3720565955560234 0.2733367127439853
0.37256958034298904 0.2741221483301231
0.3790266840069782 0.28336082102766924
0.3853724641086887 0.2929108603112034
0.38762378523605395 0.296546043922523
0.3914200893055779 0.30217241969372616
0.39701661467019556 0.31103338106976575
0.3991400616943561 0.31472056579469315
0.4022023251727631 0.319512326178486
0.4068233282197608 0.3275130053352293
0.40792793842120467 0.32968492445531644
0.4111041296687756 0.3351784174592783
0.4143482786102615 0.34204137483238456
0.4143898342452703 0.3421182971967348
0.4176378781176744 0.34892357104203237
0.4187727231525122 0.3523217824485725
0.4198622484210965 0.35501432020512425
0.42119328532564204 0.36048770602999375
0.42122224332358654 0.3607127795562655
0.4222049467187164 0.3656936895360447
0.42213853899052695 0.36767622593367094
0.4221888377755963 0.37023325400620194
0.42142007929359115 0.37321899345953996
0.4212004045912096 0.374155046904985
0.41931091564090067 0.37751352427222384
0.4192760890172446 0.37755782374302016
0.41682016820403134 0.3804889683460712
0.41611090649634264 0.38102830946336713
0.4133215999838597 0.3828603890092006
0.4118056813932394 0.3835664582717746
0.40883716341809984 0.3846486757717779
0.4065059492685645 0.38529286347859903
0.4033757444057017 0.38586518022107924
0.4003394933351426 0.38630697872743097
0.3969327030650824 0.38651177585299434
0.3934159540126894 0.3866894662303809
0.38949039249480566 0.3865813668378196
0.3858276238597318 0.3865045274055171
0.3810198725815118 0.386058986818789
0.37765098975814293 0.3858021359321028
0.37148413123569707 0.3849237147150197
0.3689487618978359 0.38462017590789255
0.3608432071376262 0.3831517274563904
0.35977223817857773 0.3829865255306611
0.3502903803266993 0.3810166674742967
0.3489939080410502 0.3806827229643283
0.3405817317075143 0.37876006809854595
0.33576784895415734 0.37741896696487093
0.3305337014142834 0.3761196669358664
0.3211680854709242 0.3733606434992924
0.3201681354456201 0.37309764569086673
0.30975973390946926 0.3698957578305752
0.30432131715048744 0.36801433800121697
0.29914393849272986 0.36637275376946665
0.2883559480883378 0.3625417502647618
0.2847821802514796 0.3611424772917523
0.2774991347050446 0.3584729936034906
0.266475456486078 0.3540705070208651
0.25935886321513474 0.3510066755136713
0.25533536251716027 0.349359582702391
0.24396904724615792 0.34422616126877514
0.23232955892811466 0.3386039400818075
