0.048130944927127495 0.025
0.04784007795127499 0.012500000000000046
0.04632782239535094 3.469446951953614e-17
0.043544081748363814 -0.012499999999999976
0.03943598183976108 -0.024999999999999988
0.03750000000000007 -0.02944925192574558
0.025100043315475783 -0.0375
0.025 -0.037551503258312226
0.025 -0.037551503258312226
0.024932886564463408 -0.0375
0.012500000000000046 -0.02618792549617429
0.012005056124137943 -0.024999999999999988
0.007861800146675643 -0.012499999999999976
0.004763922703248123 3.469446951953614e-17
0.002752077784357255 0.012500000000000046
0.0018690550728174375 0.025
0.002159922048775683 0.03750000000000007
0.003672177604461223 0.050000000000000024
0.006455918251670242 0.06249999999999998
0.010564018160047647 0.07500000000000004
0.012500000000000046 0.07944925192597742
0.02489995668390883 0.0875
0.025 0.08755150325863595
0.025067113435940622 0.0875
0.03750000000000007 0.0761879254951153
0.037994943875507656 0.07500000000000004
0.042138199853338165 0.06249999999999998
0.045236077296792396 0.050000000000000024
0.047247922215736274 0.03750000000000007
