0.03755408822721652 0.025
0.03750000000000007 0.023415383966565718
0.03633641961593065 0.012500000000000046
0.031048919541826224 3.469446951953614e-17
0.025 -0.00785932959500333
0.025 -0.00785932959500333
0.019834756505279258 3.469446951953614e-17
0.014523028013071497 0.012500000000000046
0.012500000000000046 0.024104499547907436
0.01244591177272584 0.025
0.012500000000000046 0.026584616034118422
0.013663580384718214 0.03750000000000007
0.018951080458200955 0.050000000000000024
0.025 0.057859329595231164
0.030165243494578827 0.050000000000000024
0.03547697198689391 0.03750000000000007
0.03750000000000007 0.025895500451222114
