0.22852133453254928 0.38678934841756457
0.2132694472281223 0.3771875407074563
0.19619373642476667 0.3652830948347746
0.19555015558783956 0.364801012881428
0.17865691762184943 0.3511869993804306
0.16984623693618142 0.3431957251500688
0.1676917015199019 0.3411707150164949
0.15949675678780129 0.3328364827148406
0.15285515076990672 0.32545159647045346
0.15132358649039324 0.32361232736182727
0.1472499846514385 0.31869857202436297
0.14236816365079344 0.3123891818086423
0.13805069964206643 0.30641999357786087
0.13420253266456592 0.30072191301064477
0.1337690855330922 0.30004272099020945
0.1306465840260383 0.2952159162906312
0.12740299238128017 0.2898863708031332
0.12535768493256752 0.2863127161892577
0.1244159028013219 0.28469959799815586
0.12158835229510918 0.27962441878898536
0.11921894381967267 0.27506974413923563
0.11899850113371237 0.27465622872252393
0.1164819822122941 0.26976918620412116
0.11427775729016165 0.26515755649347766
0.11418080642065226 0.2649601919490972
0.11191455331079013 0.26021815926989184
0.11008466429890834 0.25608777806570326
0.1098312351406443 0.25553196349775975
0.10777953127668342 0.2509033461058854
0.10642581262767861 0.24762911517166003
0.10586722547176153 0.24631648995053018
0.10400986140585072 0.24177565639890414
0.10319126378698337 0.23966376928517022
0.10223801981506359 0.23727180133183248
0.10056571336947388 0.23279626896303188
0.10032268915806629 0.23212888139577387
0.09891589482521833 0.22836262946677038
0.09772745625035408 0.2249174768859866
0.0973835773688243 0.22394396834902636
0.09589235828179794 0.219556528361064
0.09539694367995157 0.2180190333753103
0.09446830798238662 0.21519052886474177
0.09333348907417915 0.21143179787630353
0.09314945305243576 0.21083062326457852
0.09186853227469491 0.20649599938190133
0.09147702515077849 0.20508220427973115
0.09066756066299722 0.20217094907527755
0.08986505445938078 0.19900427220467942
0.08957308986440861 0.19784406263578977
0.08857090182315791 0.19351887753067804
0.0884971249888795 0.19318731156448912
0.08763560985875676 0.18920399378217742
0.087318996065438 0.18756442538539447
0.08682861465175243 0.18487724826795662
0.08639982050425314 0.1821975203683171
0.08616051206051858 0.18053597390141343
0.08573670420819846 0.17707183843592314
0.0856474470257186 0.1761771552898775
0.08533174513429499 0.17217850343389574
0.0853133647472171 0.17179722631278616
0.08519203282299984 0.1675143753703148
0.08519358623824193 0.16739195103412952
0.08532986916849734 0.16308215291618203
0.08534065494162249 0.16295652893094023
0.08576319655885274 0.15889074039861031
0.08583426856786683 0.158486281099526
0.08651623552052012 0.15495591693200048
0.08679897950511421 0.15397883488367892
0.08762034715261881 0.15130136990653972
0.08843768674480565 0.1494402743483961
0.08911514759537856 0.14796018602348965
0.0910453267165668 0.1449725913706329
0.09110505030179743 0.14490177314695965
0.09336319695664745 0.14229394224348202
0.09573000255647916 0.1404611186413631
0.0962327512264431 0.1400839715823291
0.09961035051361336 0.13830898165189232
0.10365446955223054 0.13713677348160738
0.10660751564020238 0.13679845801564378
0.1084087467785386 0.13663282620172096
0.11400376392078541 0.13696093353823366
0.12065860684875264 0.13839743335923074
0.12827450886244354 0.14118723143167186
0.12868464247271896 0.1413512034129766
0.13871054862679236 0.14663772701688046
0.14669655474953971 0.15204441063801716
0.1523604725277471 0.15632114340173522
0.15922368273887016 0.16221122718920564
0.16981345870354972 0.17230702697943304
0.17956144781779987 0.1825427348983539
0.18135829149528618 0.18456100230904654
0.18874790521705645 0.19287754333298868
0.18874790521705645 0.19287754333298868
0.19787111316777944 0.20348340394146136
0.20223343590099663 0.20868464224836783
0.2071238055743565 0.21438948697300536
0.21668672592612245 0.2256362864540234
0.22675478961113826 0.2372860745937122
0.23740604885726563 0.2493266857995885
0.24862837823641262 0.26168658915003434
0.25142815500962606 0.26475893457635324
0.26057228673061456 0.27440944834591563
0.2731953680947746 0.2874099225742118
0.2861731694966247 0.30042418512689495
0.28720964259122506 0.3014616509201577
0.2999286647316488 0.31369142278623585
0.3137389308440612 0.3267137436783435
0.319128304020641 0.33177787723669916
0.3277369865923453 0.3395648475195744
0.3415404527296979 0.3520071809824963
0.34731564828208 0.35724616683620114
0.35499366863746457 0.3639610149795818
0.36772830257829103 0.3752363751728021
0.3711288985366798 0.3783107790696101
0.37987676854018343 0.3859410528192368
0.3903822270976992 0.39548996822984483
0.39050155530462055 0.39559488054173964
0.4007394391683165 0.4048598187284702
0.40548896647877614 0.4094893013754692
0.40929707809037047 0.41307986572530825
0.4163272891198636 0.4203859319692216
0.4165939988641237 0.420685931204226
0.42256073079540685 0.42718759397362605
0.4245522460674161 0.42978469688764537
0.427126774773104 0.4330716072100918
0.42942879676659323 0.43693174941684776
0.43013173827080414 0.43812254134561357
0.4317039508367787 0.4424264162212533
0.43171554294890113 0.44248319732366875
0.43224817481382066 0.4461961784007659
0.4321200719310094 0.44688584954252
0.4313030630697945 0.44921608912340166
0.4305966706257162 0.4501234714864979
0.42893253173952123 0.45152341479961544
0.42743499279663594 0.4523650423265762
0.4251797510811521 0.4531401080902079
0.4228741184775521 0.4537421775601988
0.42006669698968224 0.45407336734914794
0.4171090753121032 0.4543565213579204
0.4135950431403465 0.4543164616487912
0.41029745701486203 0.45428561080824276
0.4057484626925132 0.4538499125063725
0.40256560535516595 0.45358748015164774
0.39649662200212066 0.45264326078068023
0.39401425361952375 0.45230433449204627
0.3858013304318141 0.4506577862868999
0.3847237062213071 0.45046559724255153
0.3749182693524749 0.44819275077218246
0.3735452700711913 0.4478092992835522
0.3647043725054112 0.4455371516163112
0.3595295749665646 0.44396335560667544
0.3539456985252609 0.4423918530403685
0.3437540785727408 0.43908029693280504
0.34267405411685375 0.4387542786819076
0.33123918158501514 0.43483956847504857
0.3251745392861429 0.43254647962713855
0.31943668655450635 0.43048948357273614
0.30731408580633035 0.42571235202829144
0.3032493505043245 0.4239754959906331
0.29500610056468113 0.4205805415401357
0.282393834840028 0.4149803463329327
0.27417600909499434 0.41107784656054525
0.2695485938386846 0.4089329463248973
0.25634178414460945 0.4023000609952986
0.24273036710042475 0.39499537266346413
