0.17475150473134132 -0.024999999999999967
0.17462204416822916 -0.03749999999999998
0.17433694315170098 -0.04999999999999999
0.17389539491507264 -0.0625
0.17329658710609142 -0.07499999999999994
0.17253970173860939 -0.08749999999999997
0.17162391514355155 -0.09999999999999998
0.1705483979196128 -0.11249999999999999
0.16931231488314788 -0.125
0.1679148250178675 -0.13749999999999996
0.16635508142369917 -0.14999999999999997
0.164632231265328 -0.16249999999999998
0.16274541571997203 -0.175
0.16250000000000006 -0.17649755089928404
0.16051676663476208 -0.18750000000000003
0.15808136587111263 -0.19999999999999996
0.15546215434422173 -0.21249999999999997
0.15265806130113477 -0.22499999999999998
0.15 -0.23611449331270856
0.14963162772440464 -0.2375
0.14610554525852054 -0.25
0.1423690990969247 -0.26249999999999996
0.13842091799840917 -0.275
0.13750000000000004 -0.27777100594867754
0.13385693187742523 -0.2875
0.1289350078636375 -0.3
0.12500000000000008 -0.3095242258770535
0.12359162969990245 -0.3125
0.11740134164216459 -0.32499999999999996
0.11250000000000002 -0.3344617368735072
0.11065721839971857 -0.3375
0.10274646881688182 -0.35
0.10000000000000006 -0.3541643330787576
0.09336505470645756 -0.3625
0.0875 -0.36957709326845867
0.08183348557717435 -0.375
0.07500000000000004 -0.38129097172964066
0.06587524492784427 -0.3875
0.06249999999999998 -0.38971256357508227
0.050000000000000024 -0.3950369514164673
0.03750000000000007 -0.39750328204883045
0.025 -0.39714937088765856
0.012500000000000046 -0.3940123696806444
3.469446951953614e-17 -0.388128779849852
3.469446951953614e-17 -0.38812877984985206
-0.000910838371155815 -0.3875
-0.012499999999999976 -0.3792768237671277
-0.017083132529283056 -0.375
-0.024999999999999988 -0.36740059476582543
-0.02911844005365269 -0.3625
-0.0375 -0.3522324980506078
-0.039027215173709044 -0.35
-0.047317320401978676 -0.3375
-0.049999999999999954 -0.3333250586483332
-0.054601565138561285 -0.32499999999999996
-0.061289716893027875 -0.31250000000000006
-0.062499999999999965 -0.3101570031627349
-0.06710153210687961 -0.3
-0.07256709269867215 -0.2875
-0.07499999999999998 -0.28172085506713085
-0.0775188724312598 -0.275
-0.08202074841803539 -0.26249999999999996
-0.08634327584066159 -0.25
-0.0875 -0.24650356693935888
-0.09018293400480318 -0.2375
-0.09374069927849288 -0.22499999999999998
-0.09713249194267837 -0.21249999999999997
-0.1 -0.2013825422548364
-0.10032427462741336 -0.19999999999999996
-0.1030978968132556 -0.1875
-0.10571717135814687 -0.175
-0.10818125019074962 -0.16249999999999998
-0.1104892790149303 -0.14999999999999997
-0.11249999999999996 -0.13831443934249882
-0.11262841459095535 -0.13749999999999996
-0.11445132044049205 -0.125
-0.11612858667322198 -0.11249999999999999
-0.11765947494629722 -0.09999999999999998
-0.11904324191795121 -0.08749999999999997
-0.12027913920439134 -0.07499999999999996
-0.12136641333768608 -0.0625
-0.12230430572187562 -0.04999999999999999
-0.12309205258986702 -0.03749999999999998
-0.12372888495861761 -0.024999999999999967
-0.12421402858526462 -0.012499999999999956
-0.1245467039213686 0.0
-0.12472612606810343 0.012500000000000067
-0.12475150472945407 0.025000000000000022
-0.12462204416666622 0.03749999999999998
-0.12433694315039745 0.050000000000000044
-0.12389539491409499 0.0625
-0.12329658710534161 0.07500000000000007
-0.1225397017380837 0.08750000000000002
-0.12162391514317383 0.10000000000000009
-0.12054839791941988 0.11250000000000006
-0.11931231488305402 0.125
-0.11791482501791392 0.13750000000000007
-0.11635508142376441 0.15000000000000002
-0.11463223126544975 0.1625000000000001
-0.11274541572006602 0.17500000000000004
-0.11249999999999996 0.17649755089986935
-0.11051676663483181 0.1875
-0.10808136587115802 0.20000000000000007
-0.10546215434424949 0.21250000000000002
-0.10265806130112803 0.2250000000000001
-0.1 0.23611449331284465
-0.09963162772444561 0.23750000000000004
-0.09610554525856468 0.25
-0.09236909909695426 0.26250000000000007
-0.08842091799839422 0.275
-0.0875 0.27777100594859416
-0.08385693187745374 0.2875000000000001
-0.07893500786385427 0.30000000000000004
-0.07499999999999998 0.3095242258781935
-0.07359162970030686 0.31250000000000006
-0.06740134164172668 0.32500000000000007
-0.062499999999999965 0.3344617368705166
-0.06065721839853035 0.3375
-0.05274646881942486 0.3500000000000001
-0.049999999999999954 0.35416433308513356
-0.043365054704832505 0.36250000000000004
-0.0375 0.36957709325775145
-0.031833485578040395 0.375
-0.024999999999999988 0.3812909717459755
-0.015875244910461446 0.38750000000000007
-0.012499999999999976 0.3897125635527547
3.469446951953614e-17 0.395036951446077
0.012500000000000046 0.39750328201198154
0.025 0.39714937093264896
0.03750000000000007 0.39401236962838354
0.050000000000000024 0.3881287799094038
0.050910838443293416 0.38750000000000007
0.06249999999999998 0.37927682369929555
0.06708313251498316 0.375
0.07500000000000004 0.3674005948403758
0.0791184400709297 0.36250000000000004
0.0875 0.35223249797104594
0.08902721513437628 0.3500000000000001
0.09731732043591959 0.3375
0.10000000000000006 0.3333250587334483
0.10460156514766686 0.32500000000000007
0.11128971685539801 0.3125
0.11250000000000002 0.31015700307552385
0.11710153209924479 0.30000000000000004
0.12256709272254818 0.2875000000000001
0.12500000000000008 0.2817208551521294
0.1275188724483148 0.275
0.1320207484124153 0.26250000000000007
0.13634327581735478 0.25
0.13750000000000004 0.24650356685661834
0.14018293399246537 0.23750000000000004
0.14374069927991734 0.2250000000000001
0.14713249195470574 0.21250000000000002
0.15 0.20138254232886432
0.15032427464360137 0.20000000000000007
0.1530978968204429 0.1875
0.1557171713584646 0.17500000000000004
0.15818125018591553 0.1625000000000001
0.16048927900642912 0.15000000000000002
0.16250000000000006 0.13831443927939477
0.1626284145813029 0.13750000000000007
0.16445132043467503 0.125
0.16612858667024782 0.11250000000000004
0.16765947494548236 0.10000000000000009
0.16904324191859624 0.08750000000000002
0.170279139206082 0.07500000000000007
0.17136641334002592 0.0625
0.17230430572460415 0.050000000000000044
0.17309205259266494 0.03749999999999998
0.17372888496143127 0.025000000000000022
0.17421402858789914 0.012500000000000067
0.17454670392383123 0.0
0.17472612607022864 -0.012499999999999956
