0.06410275143283695 0.025
0.06406944229390332 0.012500000000000046
0.06352355950271213 3.469446951953614e-17
0.06249999999999998 -0.01199096146075268
0.062438395680086474 -0.012499999999999976
0.060180749221496924 -0.024999999999999988
0.05714798251739982 -0.0375
0.05332086237923098 -0.049999999999999954
0.050000000000000024 -0.05896478523752282
0.047710065351511705 -0.062499999999999965
0.03814036800927693 -0.07499999999999998
0.03750000000000007 -0.07572505905512456
0.025 -0.07926419149843222
0.025 -0.07926419149843225
0.017184260924236902 -0.07499999999999998
0.012500000000000046 -0.07215623155270193
0.00611399962512886 -0.062499999999999965
3.469446951953614e-17 -0.05208056394894824
-0.0007637422702658665 -0.049999999999999954
-0.004710748514734402 -0.0375
-0.008030723598740776 -0.024999999999999994
-0.010709186830113862 -0.012499999999999976
-0.012499999999999976 -0.0014195600006752587
-0.01266588405269161 3.469446951953614e-17
-0.013632093648785044 0.012500000000000046
-0.014102751432835542 0.025
-0.014069442293827464 0.03750000000000007
-0.013523559502691414 0.050000000000000024
-0.012499999999999976 0.06199096146052107
-0.012438395680058563 0.06249999999999998
-0.010180749221520305 0.07500000000000004
-0.007147982517370685 0.0875
-0.0033208623793287498 0.10000000000000006
3.469446951953614e-17 0.10896478523755604
0.0022899346485763597 0.11250000000000002
0.011859631991207941 0.12500000000000008
0.012500000000000046 0.1257250590545163
0.025 0.12926419150006246
0.03281573907365325 0.12500000000000008
0.03750000000000007 0.12215623154996721
0.04388600037577574 0.11250000000000002
0.050000000000000024 0.10208056395297876
0.05076374227144325 0.10000000000000006
0.05471074851473995 0.0875
0.058030723598163136 0.07500000000000004
0.060709186829551724 0.06249999999999998
0.06249999999999998 0.051419559997717454
0.06266588405238205 0.050000000000000024
0.06363209364876321 0.03750000000000007
