0.29037612223690645 0.32649807174226037
0.2695863636308906 0.3160791759150032
0.24631785583105836 0.3036628909644712
0.24544566451403876 0.30317204394009406
0.222538639257776 0.2896227862245788
0.21056700505073603 0.28192854298864656
0.20760092106737607 0.2800057085437836
0.19641875380020735 0.27220812285850055
0.18731448279753907 0.2654384128078544
0.18523700522886982 0.26376803124958825
0.17959493897678733 0.25935412720626544
0.17282934619701668 0.2537572810319313
0.16681886212735778 0.24853379156587466
0.16145630994008225 0.24360158475970028
0.16085831989659685 0.2430145906823025
0.1564461958909011 0.23890014219256092
0.15187135254637885 0.23438972201347177
0.1490049907465632 0.23137408473395482
0.14765355262057428 0.23003363968314708
0.14362032312515008 0.2258209801732585
0.14027353879648166 0.22203882512385997
0.13995490475772834 0.22170097680579762
0.13633421188181144 0.21770732055337674
0.1332078870138674 0.2139180222002688
0.1330673309179445 0.2137584878550128
0.12979164285886105 0.20992427320353096
0.12719100057515384 0.20655159016765692
0.1268234409179597 0.2061048940404557
0.12385830256972546 0.2023788451604773
0.12193325409644012 0.19971224301456586
0.12112424740035103 0.19865892763854673
0.11845384156793601 0.19499367548029062
0.11729041211190466 0.19327243527462998
0.11591365377586314 0.19134851956346907
0.11353405433143564 0.18769885140415896
0.1131892020602511 0.1871527403533411
0.111165249611306 0.18410524141172918
0.10948731473041036 0.18126562752862427
0.10899545974595065 0.1804709742762407
0.10687666952776328 0.17686093161467792
0.10618002036216574 0.17558123756282523
0.10486022790722248 0.17324373644163926
0.10327606058580052 0.17007796597243335
0.10301669094749724 0.16957422708316539
0.10121938361405282 0.1659166899239718
0.10067630919494946 0.16470788221214488
0.09954558446351618 0.16222407030873393
0.09844373619662822 0.15947357872942636
0.09804082800493419 0.15846556818662647
0.09667617426260955 0.15465464857519934
0.09657594642457873 0.15436078991964955
0.0954042716951089 0.15081752512973437
0.09498175802294523 0.14933592754073288
0.09433040872486591 0.1468916809152806
0.09377381109011859 0.1444187300309486
0.0934686648892472 0.14287034342124
0.09294650884428729 0.13960000184576474
0.09284283434423424 0.13874402370163616
0.09250424236012066 0.1348747060925508
0.0924904101909656 0.13449929979713782
0.09246191478757693 0.13024160243743205
0.09246915181903378 0.13011719835946248
0.09284613903675369 0.1257032110677237
0.0928682734411742 0.12557099936324323
0.09369726010558314 0.12126611015370078
0.09382839004768419 0.12082327669414385
0.0950724709947069 0.11694162642395209
0.09557922821684307 0.11582215157627902
0.09705047034080408 0.11274704906852866
0.0985165165026816 0.11049767714973813
0.09973839977874054 0.1087076071686123
0.10327357360727465 0.10485765337958321
0.10338452258760339 0.10476055551514434
0.10764031918247027 0.10119947553325614
0.1122667587736404 0.0984123061771264
0.11326915837421037 0.09784215575338329
0.12023788150973104 0.09482059567698067
0.12914019658016898 0.09230462278554138
0.13607318549023215 0.09109816446719948
0.14047537823684236 0.0904653766301223
0.15519453664157157 0.08963096813862698
0.17497011308273294 0.09041837334811823
0.20114612704149595 0.09377449156067638
0.2026652382289682 0.09401777906309845
0.2440123711712147 0.10317809156478434
0.2824031965980232 0.11488414068874526
0.31184123446654505 0.12556047771514775
0.348981945387121 0.14128364931170842
0.4051363338612949 0.16951510853216448
0.4513322984473058 0.197021570763162
0.4590736696363761 0.20208552539484964
0.4879062425336407 0.22194380808064593
0.4879062425336407 0.22194380808064593
0.5172900383469631 0.24428983565832654
0.5291198496797733 0.25405000543804623
0.5408732303708539 0.2640768001976992
0.5599134819103946 0.2815829919411241
0.5754641966372628 0.2971770159039482
0.5881785472458151 0.3110932000504004
0.5985074728042243 0.32350695091900183
0.6006590450632481 0.32632947975075205
0.6070246102329414 0.3347319056623795
0.6140014706196291 0.34490488308172057
0.6194779266808009 0.3540240061627814
0.6198390388425116 0.35470889735394995
0.624067189480194 0.36249608786618953
0.6274982203121043 0.3701291700350872
0.6284915318675883 0.37293607005670165
0.6301152461951111 0.37715777999015043
0.6319043457503817 0.38357746898450906
0.6323071459458561 0.386172525271746
0.6329740640265928 0.38946789907166335
0.6332966062044937 0.39482177613208325
0.6331667308457296 0.3962437552646016
0.6330730261738903 0.3997771070514542
0.6319535933910502 0.40407532700123
0.6319445251672644 0.4041228249009365
0.6305452152066369 0.40826011844198296
0.6292080099738034 0.41026855089017594
0.6282919424064246 0.4118437813108114
0.6252813168132401 0.41494620364971385
0.625122847763564 0.4150703877049356
0.6218858463576472 0.41779662007929763
0.6199971319411925 0.41882553595435285
0.6176554173217543 0.4201391619957217
0.6138141973256085 0.42155844171566154
0.6126081824264935 0.4219948741507673
0.6067659220314552 0.42338484070990984
0.6066745092771397 0.42340127049179627
0.6003093486228529 0.4244188315079545
0.5987681836229777 0.4245565842080468
0.5929208106487998 0.4249220063876094
0.5900109305318882 0.42496641778760436
0.5845633119847603 0.42487999327824183
0.5804490511314997 0.42468924723043305
0.5751832432979257 0.4242686065640303
0.5701222681564009 0.42377211848477253
0.5647088034452135 0.4230534232681934
0.55906504166508 0.42225295024917225
0.5530485449268292 0.42118943141463183
0.5473073901698601 0.42016212296764377
0.5400904781894804 0.4186210460132603
0.534875453872044 0.4175236002408426
0.5257024059525208 0.4152829414414846
0.5217919772622378 0.4143557811419108
0.5097344979871322 0.41110236729437966
0.5080768567191589 0.41067225420940684
0.49384591920773074 0.40656525018330913
0.49195492714099986 0.4059644445888405
0.4791632291487888 0.40208044676828414
0.47202889799148373 0.39970298784218833
0.4639413573389693 0.39713448201419665
0.44977029119456124 0.39224475568209366
0.4481936842909905 0.3917275499170208
0.4321675713858435 0.3860538970440515
0.4238985324752914 0.38293074615127065
0.4157287223870667 0.3799871159942957
0.39891462195949196 0.37354408231649916
0.39341210837179935 0.3713104610358635
0.3818368014828298 0.36680329789239596
0.3644018860208636 0.35967306203378424
0.35317720628683713 0.3548726329411324
0.34666444181157413 0.3521869049048353
0.32849491799978137 0.34422853678440446
0.3098165018995332 0.3357321411713219
