0.06410275143283695 0.0
0.06406944229390332 -0.012499999999999956
0.06352355950271213 -0.024999999999999967
0.06249999999999998 -0.03699096146075268
0.062438395680086474 -0.03749999999999998
0.060180749221496924 -0.04999999999999999
0.05714798251739982 -0.0625
0.05332086237923098 -0.07499999999999996
0.050000000000000024 -0.08396478523752282
0.047710065351511705 -0.08749999999999997
0.03814036800927693 -0.09999999999999998
0.03750000000000007 -0.10072505905512455
0.025 -0.10426419149843223
0.025 -0.10426419149843225
0.017184260924236902 -0.09999999999999998
0.012500000000000046 -0.09715623155270192
0.00611399962512886 -0.08749999999999997
3.469446951953614e-17 -0.07708056394894824
-0.0007637422702658665 -0.07499999999999996
-0.004710748514734402 -0.0625
-0.008030723598740776 -0.049999999999999996
-0.010709186830113862 -0.03749999999999998
-0.012499999999999976 -0.02641956000067526
-0.01266588405269161 -0.024999999999999967
-0.013632093648785044 -0.012499999999999956
-0.014102751432835542 0.0
-0.014069442293827464 0.012500000000000067
-0.013523559502691414 0.025000000000000022
-0.012499999999999976 0.03699096146052107
-0.012438395680058563 0.03749999999999998
-0.010180749221520305 0.050000000000000044
-0.007147982517370685 0.0625
-0.0033208623793287498 0.07500000000000007
3.469446951953614e-17 0.08396478523755604
0.0022899346485763597 0.08750000000000002
0.011859631991207941 0.10000000000000009
0.012500000000000046 0.1007250590545163
0.025 0.10426419150006247
0.03281573907365325 0.10000000000000009
0.03750000000000007 0.09715623154996722
0.04388600037577574 0.08750000000000002
0.050000000000000024 0.07708056395297877
0.05076374227144325 0.07500000000000007
0.05471074851473995 0.0625
0.058030723598163136 0.050000000000000044
0.060709186829551724 0.03749999999999998
0.06249999999999998 0.026419559997717453
0.06266588405238205 0.025000000000000022
0.06363209364876321 0.012500000000000067
