[ 2.88213642e+00 -3.04721413e-01 -2.34807452e-01 -1.63934360e-01
 -1.44840734e-01 -1.01569711e-01 -4.19000002e-02 -1.78105384e-01
 -1.28063341e-01 -1.04383210e-01  2.64437896e-02 -1.44318151e-01
  1.25619878e-02 -8.17197519e-02 -1.26684304e-02  6.61158917e-03
 -7.81617529e-02 -2.82601408e-02 -1.93263155e-02 -1.20549644e-01
  3.57358428e-02 -6.06420078e-02  9.56739141e-02  2.75484797e-02
 -4.33030495e-02 -1.66667269e-01  4.44737815e-03  1.96230237e-03
  5.73325697e-02  2.72005826e-02 -3.76673088e-02  3.92898080e-02
 -8.93392005e-02 -5.56695175e-02  6.14000858e-02  2.94936729e-02
 -3.44424471e-02 -6.06302554e-02 -1.44812304e-02  5.50908826e-03
  1.86194021e-02 -4.36367151e-02 -9.43452474e-03 -6.27612685e-02
 -4.25732934e-02  7.73181201e-02  5.08381337e-02 -6.19253883e-02
  1.11904352e-02  7.09841251e-02  2.22451643e-02 -2.25758613e-02
 -6.70902858e-02  2.43024243e-02 -6.03269392e-02 -9.40437118e-03
  7.96828625e-02 -7.25878004e-03  8.50299291e-02 -4.69454742e-02
 -5.18315952e-03 -2.00273400e-02  3.78110376e-02 -6.01610267e-02
  3.88175047e-02  2.10951532e-02 -6.49152299e-03  2.90987546e-02
  2.54711548e-02  6.51045368e-02  7.65649128e-03  1.87215772e-02
  5.58617918e-02 -2.29927761e-03  2.59889396e-02 -9.96511816e-03
 -1.66289085e-03  4.09977673e-02  6.49825809e-02 -4.58821306e-02
  1.36271749e-02  2.94435991e-02  7.32773311e-02 -6.05461783e-02
  2.97429460e-02 -3.46912983e-03  3.58078679e-02  6.22716391e-02
  5.21677304e-02  5.40954738e-02 -7.26203058e-02  3.39054217e-03
 -5.78717854e-02 -5.87558849e-02  4.09032249e-02 -7.62272238e-02
 -2.10720091e-02 -3.15484139e-02  6.92127696e-02 -1.96070600e-02]