[-3.03062388e+00 -4.60660766e-02 -4.30171111e-02 -1.98884138e-01
  2.17283888e-02 -2.94795533e-01 -1.13239907e-01 -2.59264637e-02
  5.73178003e-03  1.89797333e-02  5.53898591e-02 -3.40060394e-01
 -2.26373415e-01  3.19323760e-02 -2.01773610e-02  3.05584163e-03
  3.53523822e-02 -4.85464378e-02  9.05483292e-03  4.46550405e-02
  3.34976300e-02 -1.92081529e-01  3.80483311e-02  5.62226454e-02
 -7.25527376e-03  1.91322897e-02 -3.09066747e-02 -2.93778586e-03
 -1.19929917e-01 -1.94864593e-02  2.11053678e-01  2.22295361e-02
  2.24179352e-02 -1.59351272e-01 -1.14882620e-01 -9.01418030e-02
  2.07052779e-01 -9.62850764e-02  1.63289903e-01 -3.81396521e-03
  1.66017526e-01 -5.98025461e-02 -3.95789765e-02  1.04135572e-01
 -3.29980127e-01 -1.39336820e-05  1.62729398e-01  3.47920122e-02
  2.15612965e-01 -2.11907216e-02  6.57068328e-02 -9.67266154e-02
 -9.44355305e-02 -2.31637153e-02 -4.21824780e-02  5.45081903e-02
  1.81295231e-01  2.56466104e-02  1.38902725e-02 -7.29449263e-03
  2.16835530e-02 -4.03474186e-02 -2.38463163e-01  1.23887833e-01
 -3.53055475e-02  7.65824903e-02  1.50150052e-01  2.47554623e-01
  9.10494226e-02 -2.99385439e-02  2.16108263e-01  1.88618016e-01
 -1.26793371e-01  1.92296099e-01 -1.04351659e-01  1.20965968e-02
 -8.21949491e-02 -1.49490661e-02  2.39950625e-01  8.57712784e-02
  1.18466963e-01 -1.31770983e-01 -3.38323413e-02  9.09527315e-02
 -3.06809529e-02  1.80618691e-01 -1.07332510e-01 -1.81022099e-01
 -9.97844273e-03  7.75221981e-02  1.95301901e-02  7.78761027e-02
  1.45572894e-01  1.51789015e-01 -8.46672118e-02 -3.13037065e-02
  1.47750939e-01 -1.34280382e-01  1.50143796e-01  1.61463432e-01]