0.2840202162503953 0.327674965650133
0.26408532997527756 0.3175255931521181
0.24180295795216747 0.30537785804778095
0.24096791746492321 0.30489606270247926
0.21904074593790368 0.29154954577385844
0.2075793032810055 0.28392695437155
0.2047397861845239 0.2820174701548722
0.194025295654713 0.2742503771473463
0.18529256183781698 0.26748035312180535
0.18329767647422326 0.2658062650675277
0.17787850970032412 0.2613758052809512
0.17137131608073225 0.255744955387933
0.1655810942159259 0.2504779699319808
0.1604061518794952 0.24549623637283197
0.15982845229774348 0.24490306863721986
0.15556315599825624 0.24073981803633293
0.15113278468425537 0.23617201004683372
0.14835262988609027 0.2331170433390166
0.14704078862142544 0.23175738590456554
0.14312089953277082 0.22748436902609687
0.1398626335483421 0.2236490026198881
0.13955216584565608 0.22330599564205816
0.1360209176332642 0.21925228944083708
0.13296697204218821 0.2154092497627813
0.13282955429467388 0.21524728078829222
0.12962435697380623 0.21135568281285688
0.12707629737865322 0.20793668178870708
0.12671587442806517 0.20748343418771037
0.12380605987355495 0.20370436213457935
0.121915027391879 0.20100325181676112
0.12111969730996874 0.19993548986673834
0.11849256563442298 0.19622272777890726
0.11734718499093945 0.1944809259712024
0.11599080140521115 0.19253284970607867
0.11364506644058033 0.1888419072710729
0.1133049559960756 0.18828987669048614
0.11130750951098324 0.18520795996573383
0.10965094075683769 0.18234036073193946
0.10916505740245548 0.18153758874484885
0.10707134279294046 0.17789314269404538
0.10638278648140091 0.1766023658878042
0.10507764374090303 0.17424411567531464
0.10351113445410261 0.17105412088930647
0.10325454109541264 0.17054646530990208
0.10147629741751181 0.16686232752011543
0.10093905395247836 0.16564570323075334
0.09982010794580437 0.16314584725255526
0.09873028240557875 0.16038027258418847
0.09833170005908298 0.1593668353438292
0.09698252139131756 0.1555381716797686
0.09688345418224385 0.15524304240972622
0.09572551799419694 0.1516852399112658
0.09530849985257515 0.15019866257542006
0.09466606590594953 0.14774698204028225
0.09411824152343033 0.14526809506308475
0.09381851154401898 0.14371665255059662
0.09330764458998116 0.14044164601802228
0.0932068935685472 0.13958491336813544
0.09288150136970279 0.13571397033642374
0.09286894119266866 0.1353386608810768
0.0928549928368016 0.13108369994158056
0.09286265359159332 0.13095947929316296
0.0932549045641296 0.12655340768189002
0.09327749589546243 0.1264215673289981
0.09412164924528883 0.12212991577447284
0.0942543379686819 0.12168899526694046
0.09551236163584129 0.11782501061085478
0.09602310999665929 0.11671236365520103
0.09750550489078141 0.11365669755108969
0.09897947490041334 0.11142600037878114
0.10020770684857706 0.10965124098412406
0.10375532582889402 0.10584433589704359
0.10386654878313192 0.10574856692325232
0.10813170098259679 0.10223771752068726
0.11276132729214892 0.09950379509791198
0.11376401883378233 0.09894500950853012
0.12072642391078557 0.09600115476335493
0.12960359003849928 0.09358124206690274
0.13650378092198784 0.09244713936658372
0.14088041482662972 0.09185898928013457
0.1554791076099187 0.09116652326143547
0.17501082621495173 0.09212320695264511
0.20071723738020272 0.09565582150051204
0.20220441702407474 0.09590742796071722
0.24247283450065232 0.1051982227950593
0.27956659385844546 0.11683886483169786
0.3078870363038765 0.12733761490011006
0.3435335810600656 0.14268610659748582
0.39747050366370873 0.1701096997249864
0.4420355931543152 0.19683938545420027
0.44952294224348743 0.2017691351411976
0.4774982718454765 0.22114524272847166
0.4774982718454765 0.22114524272847166
0.5061273921611685 0.24303454993284015
0.5176815115015624 0.25262316162878523
0.5291968325152776 0.26249836548266076
0.5478830700025505 0.2797829393605309
0.5631888278841365 0.29523101389556483
0.5757335980631213 0.3090570010297954
0.5859438589627832 0.3214200946556706
0.588067815372488 0.32423268393431837
0.5943834837599323 0.332625249736149
0.6013136662846643 0.3428009770250132
0.6067584620185966 0.35193448973806035
0.6071161716309577 0.35262021204182153
0.6113454281996425 0.36043837978657184
0.6147800695975661 0.3681065520614659
0.6157702956810012 0.3709249679214242
0.6174150525946176 0.3751769734948122
0.6192284049548659 0.3816400728642407
0.6196344503202365 0.3842498183828232
0.6203287591972074 0.3875750484447872
0.6206814582155332 0.39297070298350517
0.620554453740769 0.3944013502885468
0.620496155967799 0.39796942959045006
0.6193963431358336 0.40229866585234664
0.6193878772203871 0.4023466837835562
0.6180294498875573 0.406523676137198
0.6166968629816957 0.40854425899809094
0.6157985124110595 0.41013542282616405
0.6127975175728353 0.41325774082160005
0.6126388022403882 0.41338244260923673
0.6094230227689109 0.41613212138532013
0.6075308332239439 0.41716497523470353
0.6051973381665819 0.4184894309809419
0.6013470928271797 0.4199133004393835
0.6001423225251998 0.4203530563651225
0.594284526637516 0.42174687959611185
0.5941928136455118 0.4217633297010037
0.5878187698584654 0.42278779150394263
0.5862730620110335 0.4229258767197238
0.5804143237598118 0.4232951937139922
0.5774975899533467 0.4233408300579546
0.5720390779948918 0.42325754248478864
0.5679188441282127 0.4230702206696324
0.562644844682279 0.42265369465942093
0.5575828230985862 0.42216449228966013
0.5521660228119587 0.42145258460881774
0.546530135525716 0.42066469709375676
0.5405185011954938 0.4196130086777363
0.534796644865908 0.4186040072958715
0.5275992522976984 0.4170838110366055
0.5224139234752108 0.41600878770381894
0.5132872919586546 0.4138049068561577
0.5094096849388678 0.4128994280673967
0.4974469849887981 0.40970977520514024
0.4958083335593899 0.40929110516767686
0.481734367510477 0.4052791280092545
0.4798633379731038 0.40469049294313714
0.4672560256924091 0.4009100459966164
0.4602235722187213 0.39858944029706567
0.45228319114567567 0.3960985108084491
0.4383729923784592 0.39134438209934225
0.43683158658719123 0.39084471224805156
0.42115658980429543 0.38534463831346055
0.41307425200121484 0.38231200828034095
0.4051191617166973 0.37946888689680225
0.3887576333583333 0.37323329970620656
0.3834053006118562 0.3710673382154157
0.37218433355160924 0.3667150049824196
0.35530409116552075 0.35982016667222544
0.34445058065491674 0.35517257156341947
0.3381714704443213 0.35258026078423493
0.3206577535254298 0.3448770962566511
0.3026890318484775 0.3366425826406118
