0.10036193840583278 -0.012499999999999956
0.10000000000000003 -0.02461047527388825
0.09998492823185548 -0.024999999999999967
0.09898328711663673 -0.03749999999999997
0.09745201760761599 -0.04999999999999999
0.09538191757742634 -0.0625
0.09276357047705841 -0.07499999999999996
0.08958733905592003 -0.08749999999999997
0.08749999999999998 -0.0944870994022942
0.08513611793004788 -0.09999999999999998
0.07894760091248187 -0.11249999999999999
0.07500000000000002 -0.11951161783192343
0.06949182090519841 -0.125
0.06250000000000007 -0.13120088663337381
0.05 -0.13366266548137676
0.03750000000000005 -0.1277743223161965
0.03750000000000005 -0.1277743223161965
0.03503368141289004 -0.125
0.025000000000000036 -0.11271932393212893
0.024886418170498248 -0.11249999999999999
0.019031139885368274 -0.09999999999999998
0.01376034245197092 -0.08749999999999997
0.012500000000000025 -0.08411025963147137
0.010030445347970485 -0.07499999999999996
0.007102516982371611 -0.0625
0.004637631989177993 -0.04999999999999999
0.0026434793523307035 -0.03749999999999998
0.0011279192414053382 -0.024999999999999967
9.898780071924268e-05 -0.012499999999999956
1.3877787807814457e-17 -0.010172629511319389
-0.0003384094751538308 0.0
-0.00036193840571003416 0.012500000000000067
2.0816681711721685e-17 0.024610475272567787
1.5071768191592116e-05 0.025000000000000022
0.001016712883408398 0.03749999999999998
0.00254798239233852 0.050000000000000044
0.00461808242256545 0.0625
0.007236429522921743 0.07500000000000007
0.010412660944146696 0.08750000000000002
0.012500000000000025 0.09448709940218868
0.0148638820699225 0.10000000000000009
0.021052399087437168 0.11250000000000004
0.025000000000000036 0.11951161783238001
0.03050817909487863 0.125
0.03750000000000005 0.1312008866319408
0.05 0.13366266548437372
0.06250000000000007 0.12777432231170885
0.06496631858539365 0.125
0.07500000000000002 0.11271932393805871
0.07511358183248906 0.11250000000000004
0.08096886011415033 0.10000000000000009
0.08623965754567259 0.08750000000000002
0.08749999999999998 0.08411025962435342
0.08996955465128031 0.07500000000000007
0.09289748301787688 0.0625
0.09536236801141323 0.050000000000000044
0.09735652064842532 0.03749999999999998
0.09887208075928222 0.025000000000000022
0.09990101219983358 0.012500000000000067
0.10000000000000005 0.010172629523569525
0.10033840947541153 0.0
