0.2285447665070938 0.5395933009008106
0.21063357348667747 0.5299832376878194
0.19030703604540608 0.5178948955012246
0.18953432287216335 0.5174038650370149
0.16910596036456427 0.5035398903012501
0.15834434894192273 0.49545061626271475
0.1557119174905595 0.4934063308821127
0.14562647637291223 0.4850715655152115
0.13741013630097415 0.4777751594172005
0.13549919203034091 0.4759762241262888
0.13044413340094999 0.47118356220880697
0.124354952153057 0.46509482124270324
0.11894594832359665 0.45939701799648014
0.11409336881543448 0.45401435775685184
0.11354128217294261 0.45337695412011425
0.10960494640007543 0.4488564141127029
0.10548247533923599 0.4439062481954145
0.10285323142675522 0.4406100980364245
0.1016578152600492 0.4391247747794887
0.09803422672154322 0.434474169083933
0.0949479864382109 0.4303264577386075
0.09466504571993309 0.42995040278292224
0.09140776422795839 0.42551915233796944
0.08849036296979396 0.4213579753497372
0.08836412441531204 0.42118007376814043
0.08539131971135408 0.4169139527860548
0.08292479654840824 0.41321046469880146
0.08258911472943559 0.4127124506710575
0.07984650370961122 0.4085707179212052
0.07798427400757092 0.4056464602360287
0.07722957368052503 0.40447457222618555
0.07467882147982932 0.40042405430343453
0.07352664260879493 0.3985416388861582
0.07220870751602167 0.39640961741542174
0.06982149852631149 0.39242182896524863
0.06947029293079296 0.39182717265664163
0.06747139550653526 0.3884702762625296
0.0657068618195857 0.38539888481216106
0.06520436526584501 0.3845305271907048
0.06297749236071361 0.38061491539533676
0.062213720106818915 0.3792418664972739
0.060800522834862245 0.37671382738092524
0.058978704486437536 0.3733513609977851
0.058686088168860576 0.3728130518612244
0.0566013387058903 0.36892797162558183
0.055935062619812584 0.3676594326619631
0.05456105168375969 0.3650443436709409
0.053104477395466386 0.36219640697091243
0.05257132642233758 0.36115174601046257
0.050622394610839165 0.357252515807486
0.05047419039821755 0.35695323529028494
0.048702019680570224 0.35335331325692787
0.04798808404832224 0.35186953083347855
0.04682766336432399 0.34943463121772006
0.045692689163886496 0.34700297917842854
0.044997891330815235 0.345493315395467
0.04357391410279149 0.34234085435799366
0.04321279757215867 0.3415255457967804
0.04162225775561935 0.3378750400695902
0.04147434819736098 0.3375264001742671
0.039832377038799355 0.3336017086445468
0.039786990631187874 0.3334892889397219
0.03820287806010776 0.3295211996975314
0.03815871402015413 0.3294051911970484
0.03673630371792734 0.325638076851655
0.0366029279902335 0.32526159501007207
0.03543931305838127 0.3219613598718651
0.03514192904373763 0.3210410279174386
0.03432306969919837 0.31850494823548414
0.03381369274003626 0.3167191310435558
0.03340388252030531 0.3152882743710802
0.03270101011693575 0.31233348768979724
0.032687491252648734 0.3122617593002393
0.032170231188570535 0.30958640863663867
0.031959821527815166 0.3075851836685704
0.03191333117185637 0.3071652601886871
0.03189030612690321 0.3050185906744707
0.03220107242632333 0.30325802039301514
0.03261784230878085 0.30240773181868896
0.032871125170759616 0.3019042106986568
0.033992492748269244 0.30105072292072843
0.035733323092983396 0.30086933547456207
0.038219642865261534 0.3015771350450427
0.03835845710027762 0.3016233783395889
0.04243751743582492 0.303875247602889
0.046400721755549885 0.3067169119839101
0.04952987849571115 0.3091372192169414
0.053873652483681575 0.31278433572049474
0.06158050518336619 0.3195479333701355
0.06984460347066858 0.32700451284481863
0.07153417764271953 0.32855803850846116
0.0787396645635209 0.3351100289336457
0.0787396645635209 0.3351100289336457
0.08852089029312238 0.3439473623468337
0.09357557391302236 0.348484764922907
0.09933223940771033 0.3535463024872066
0.11133989121738608 0.363944306423181
0.12475050598732226 0.3751920378265777
0.13969171802633087 0.38727356996932344
0.1561898961807114 0.4000939939589315
0.1604678827608974 0.4033505137147841
0.1743973291032788 0.4136192335641783
0.1942366440254464 0.4276684758734157
0.2152315567249358 0.4418538865811805
0.21694651750297927 0.442989329249905
0.2377005818605397 0.45622826254888493
0.2605641664634666 0.47015758418545617
0.2695982610872685 0.47550964902697335
0.2837295804599672 0.48356130821937926
0.30648087983594596 0.4961191676326741
0.316042097787442 0.5012852972425599
0.3284217501334262 0.5077149395241346
0.3489447363225055 0.5182049317870319
0.35443459553719203 0.5210032847558751
0.3681441797646956 0.5277307461234431
0.3846430145934277 0.5359543522304266
0.3848250471035095 0.5360420189197904
0.4004414339670481 0.5437038584818246
0.40775466197600985 0.5475118919089031
0.41344528689333765 0.5503911707993361
0.4241189892136527 0.5563081798047642
0.4245289932181755 0.5565534453366189
0.4334277786435419 0.5617722668101941
0.4365202102674516 0.5639269047826251
0.44040868898422264 0.5666224683675903
0.4441543233689949 0.5699421762150938
0.44527634253241133 0.5709634627926934
0.4482561103234966 0.5748757548841
0.44828501771804513 0.5749294325787839
0.44987583819529536 0.5784837258234748
0.44992436800085395 0.5791961569911221
0.4496543319295093 0.5816861767538077
0.4491323808004248 0.582742345003464
0.44771252614678875 0.5844954258638121
0.4463305388158416 0.5856538940968159
0.4441384981820063 0.5869048316716781
0.44185151136886436 0.5879837488246089
0.4389888567258557 0.5888908192690049
0.43595680287939975 0.589763107221641
0.4322911278589872 0.5904141477615088
0.4288509698644537 0.5910085548159261
0.42404715007907906 0.5914207744950098
0.42069296171298565 0.5917265952333054
0.41423776077922575 0.5918427587783314
0.41160528351868847 0.5919165430764561
0.4028292794285703 0.5915997600840609
0.4016816084652801 0.5915724272689376
0.3911731418357601 0.5907585960203274
0.3896935083002856 0.5905735214037239
0.3801951588181805 0.5894986204099095
0.37460317956049016 0.5885974071787304
0.36858657589241683 0.5876999440202393
0.35754002646775385 0.5855569387568491
0.35637256325705996 0.5853445452833466
0.34393781941247453 0.5825914495050455
0.33730331062859975 0.5808732821006864
0.33103736191945443 0.5793078619991382
0.31770981656975206 0.5754901222706247
0.3132112614432619 0.57405227756755
0.30409444791824014 0.5711910028013901
0.2900369735406057 0.5663039315530195
0.28080352991353186 0.5627980242600764
0.275602464406134 0.5608361113632747
0.2606204862539684 0.5546498230980416
0.2450189857392928 0.5476478552736049
