0.048130944927127495 0.0
0.04784007795127499 -0.012499999999999956
0.04632782239535094 -0.024999999999999967
0.043544081748363814 -0.03749999999999998
0.03943598183976108 -0.04999999999999999
0.03750000000000007 -0.05444925192574558
0.025100043315475783 -0.0625
0.025 -0.06255150325831223
0.025 -0.06255150325831223
0.024932886564463408 -0.0625
0.012500000000000046 -0.05118792549617429
0.012005056124137943 -0.04999999999999999
0.007861800146675643 -0.03749999999999998
0.004763922703248123 -0.024999999999999967
0.002752077784357255 -0.012499999999999956
0.0018690550728174375 0.0
0.002159922048775683 0.012500000000000067
0.003672177604461223 0.025000000000000022
0.006455918251670242 0.03749999999999998
0.010564018160047647 0.050000000000000044
0.012500000000000046 0.05444925192597742
0.02489995668390883 0.0625
0.025 0.06255150325863594
0.025067113435940622 0.0625
0.03750000000000007 0.05118792549511529
0.037994943875507656 0.050000000000000044
0.042138199853338165 0.03749999999999998
0.045236077296792396 0.025000000000000022
0.047247922215736274 0.012500000000000067
