0.3447034444342709 0.3550276099329819
0.3195386144319675 0.34177095729519946
0.29080307437166775 0.32578313524800256
0.28971685710659434 0.32515147369624664
0.2609579076161904 0.307742965595527
0.2457867421904774 0.29793916834575307
0.24200491208401226 0.29548534016417666
0.22777456865026874 0.2856936132784923
0.2161834652985654 0.2773150155579532
0.21355227000052066 0.27528418031193896
0.20637148255930998 0.26989576236262786
0.19779403110556965 0.26316369009973967
0.19020560816667395 0.2569693451666211
0.18347638484001488 0.25120896709184826
0.18273159018111568 0.25053253649908114
0.17720915610184126 0.24576797048618468
0.17152663718312391 0.24061761328727668
0.16799769286954508 0.23722093372935343
0.16632562763801131 0.23570394675190262
0.16137236308383565 0.23098655275939584
0.15730902987420253 0.22681183241980057
0.15692019005698193 0.2264372843038517
0.15252874692464494 0.2220420702247562
0.14878870985607176 0.2179305551363303
0.14861967336248463 0.21775679409604642
0.1447012027035647 0.21360310973880728
0.14163611876764315 0.20999548809478882
0.1412006142294663 0.20951616487780714
0.13770782738486478 0.2055375640435921
0.1354722927837855 0.20271868242927002
0.13452790662141742 0.20160243825466095
0.1314364843839471 0.19773992840935617
0.13010497849878624 0.19593807655734352
0.12852148926011514 0.19392028440739015
0.1258216769056057 0.19011950769713495
0.12543269475813268 0.18955244091256696
0.1231392451019813 0.18638382102779497
0.12127052796265883 0.18345205052083538
0.12072018835842555 0.18263073313138906
0.11836984341284151 0.1789118358325729
0.1176064388478372 0.1775987175507109
0.11615452727349532 0.17519872493647612
0.11444531787956366 0.1719647518790557
0.11416452993505517 0.17144998845179932
0.11223500016728413 0.16772003289170648
0.11166131423289594 0.16649115825156155
0.11046510169047173 0.16396628577746636
0.10932781429412496 0.16118046324355534
0.10891239139742974 0.16015986838534976
0.10753873579327497 0.15631148918987164
0.10743903811910845 0.15601508823990445
0.10628285531457816 0.15244385752140108
0.10588271472883425 0.1509544857232788
0.1052790762527816 0.1485001220027048
0.10479469332922342 0.14602256682578457
0.10454492238268746 0.14447364655054773
0.10416847657750429 0.1412086483955571
0.10411072095550596 0.14035578708952268
0.10401095411706808 0.13650731910857225
0.10402485316745542 0.13613491592362575
0.1043431522949842 0.13191803996733173
0.10436250730280254 0.1317952492758698
0.10520200812952536 0.12744519736273094
0.10524075805343 0.12731548330278925
0.10664341888685723 0.12309863768303346
0.10684578204273598 0.12266745040019084
0.10874702147450194 0.11889479712456714
0.10948507233800037 0.11781573033900657
0.11162347231400631 0.11485866258649721
0.11369585374409863 0.11272168849561726
0.1154255225194258 0.11102700094837571
0.1203539383523366 0.10745110283121671
0.12050744142038107 0.10736264107547389
0.12642493401722799 0.10414481223964654
0.1328471746051074 0.1017486433143568
0.13424749370255168 0.10126702276782872
0.14400277377123877 0.09889157291901328
0.15659915642892192 0.09729382433654812
0.16652435734041107 0.09688095109552976
0.17289136467516225 0.09679113538500261
0.19444398919461195 0.0979934785561826
0.22392074760849182 0.10207422145637277
0.2632027122376328 0.11072070584683055
0.26547051949705397 0.11129925648253584
0.32550593270414724 0.13035403525061698
0.3766423483854391 0.15145816196582906
0.41219714945403857 0.16858006706307543
0.4528327181685639 0.19085151808209708
0.5069164392734978 0.2249423879911654
0.5465869397797981 0.2536114138433462
0.5529269136939627 0.2585707808487746
0.5759018079298615 0.2772968809154624
0.5759018079298615 0.2772968809154624
0.5985243643732482 0.297371509126868
0.6074683287733232 0.3059157853384332
0.6162757162385595 0.31455893258499373
0.6304435764033994 0.32947471736031003
0.6419635559504001 0.3426244523254875
0.651386035598018 0.3543131763267404
0.6590698453413817 0.3647505692238937
0.6606772886963932 0.36713810336260694
0.6654441917907109 0.374217504499903
0.6707074782273629 0.3828448110420879
0.67488091896966 0.3906526834411935
0.6751583648647667 0.3912452706820558
0.6784141588076789 0.39794898405495227
0.6810943702652549 0.40460535482192284
0.6818838206150417 0.4070878856683733
0.6831717487938691 0.4107969188423572
0.6846271727818363 0.41652542451277724
0.6849754687697905 0.41888309356999587
0.6855351621512388 0.42185100898012473
0.6858665890755955 0.4267708928862134
0.6857895411289846 0.42810505281303357
0.6857689334166444 0.4313840195713207
0.6849640561965704 0.4354966958140014
0.6849576060901419 0.4355416260170165
0.6839169161212055 0.439526926720869
0.6828929025669452 0.44153799673764477
0.682186794599728 0.4430944390275832
0.6798331214386476 0.44629263455271906
0.6797083210947724 0.44642463133540755
0.6771397871041553 0.4492814368100347
0.6756296757999914 0.4504274194133663
0.6737433604544742 0.451873860008833
0.6706298060301381 0.45356113365030637
0.6696452941361642 0.45407797755091694
0.6648484785038167 0.455900418107872
0.6647730187591913 0.45592379373904357
0.6594826407569733 0.4574119571231706
0.6581942324162019 0.45766766736913855
0.6532739993313025 0.4584724185742445
0.6508100259902626 0.4587362470573338
0.64616853696597 0.459054961839903
0.6426386613340092 0.4591637131157678
0.638093776155853 0.4591218227202224
0.6336919195129733 0.4589737283424686
0.6289559369203175 0.4586229869256919
0.6239762537576692 0.45818151843265786
0.6186367096059259 0.457494613555362
0.6134935849192306 0.4567953811767233
0.6069898682220206 0.45565738342541384
0.6022418953736507 0.4548177992064604
0.5938381563025328 0.45301509764938164
0.5902157407403339 0.452246293877002
0.5789712203237659 0.4494541016454051
0.5774067832607231 0.4490741404266078
0.5638887027867973 0.4453624588369253
0.5620814249808429 0.44480965714831355
0.5496943253460274 0.4411357095156128
0.5427300277501648 0.43884857398680027
0.5347251520653531 0.4363059151755556
0.5205661489210521 0.43139146105048676
0.518967822618855 0.4308558711042329
0.5026222629836028 0.42494678462395563
0.4940979964559938 0.42164993707405035
0.4855479184537578 0.4184510947836287
0.4677571361341147 0.4113692417484922
0.46188285289124914 0.4088950699292994
0.44933493287440784 0.4037622041041456
0.4301703796965191 0.3955258915822288
0.41766161289447584 0.3899046725179851
0.41029187584315374 0.3866749841824649
0.3895380253847344 0.37706827945234367
0.3677858135807817 0.3666051233903546
