0.18821144470016682 0.3856509267506466
0.17706600560277855 0.37848090596577166
0.1644075540062382 0.3693894690625039
0.16392473821048686 0.36901466664431004
0.15109555076754577 0.35825047883295663
0.1442583150583588 0.35176169730828305
0.14257629079769366 0.3501071876610251
0.1360685485279402 0.3431678021320625
0.13069157211793986 0.33690279725619937
0.12942854494850767 0.3353172336045366
0.1260697165114746 0.33108104147347167
0.12197655391574161 0.32556833310446487
0.11829542230708746 0.3202879543175348
0.11495534348083873 0.31518683335959286
0.11457312454125351 0.314573253627139
0.11183362590280792 0.3102193258331636
0.10893948275174382 0.30536442960702154
0.10708178734895275 0.30207936630671073
0.10623262361727412 0.30059883633075485
0.10364783628885003 0.29590906945472556
0.10143626638332856 0.29166135546397914
0.1012323997995377 0.2912762461848161
0.09888047341041507 0.28670347321793277
0.09677085971167583 0.28234970897679423
0.09667906215631916 0.2821635778474365
0.09451498275905584 0.2776751076445368
0.09272282140037133 0.2737340125834014
0.09247753223124641 0.2732040080305666
0.0904738048227489 0.26877483627307547
0.08911934998022292 0.26562099490505214
0.08856735890466032 0.2643568727639871
0.08670701141689593 0.2599661572535915
0.08587114215998798 0.25791445882077674
0.08490993449529512 0.2555901090501132
0.08318304371906401 0.2512194718192501
0.08292981998039776 0.2505660223080559
0.08148172640567765 0.246876179183075
0.08021975938880786 0.24348413706344732
0.0798588996982558 0.24252491762735248
0.07827093228840738 0.23818960539106662
0.0777319195696698 0.23666552921161443
0.07673175401247827 0.23385890814117358
0.07546488550384056 0.23011553315601632
0.07526111265509651 0.22951617121224643
0.0738218879906209 0.2251857497064601
0.07336897103372539 0.2237697062049158
0.07243605096013006 0.22085038827510992
0.07146911268385214 0.21766666204266122
0.07111663751951927 0.21649882639262977
0.06985512990527998 0.2121365568834532
0.06976034484065177 0.2118016876574947
0.06863764082891201 0.20777399776596034
0.06819809122362941 0.2061131721169505
0.06749485362985606 0.20338805286005573
0.06682859879310715 0.20066633668918063
0.06643081796439752 0.19897683382828135
0.06564410673806174 0.19544966587355017
0.06545222084895716 0.19453761472571957
0.06464038012721776 0.19045615265999985
0.06456935329041644 0.19006645069234168
0.06381649602113566 0.18568321862054887
0.06379764153955449 0.18555771056795076
0.06317476131825521 0.18113279287025794
0.06316012941335727 0.18100350565173304
0.06272074351367764 0.17681154936984178
0.06269163965380735 0.17639303014868146
0.06246340575607568 0.17273131486109022
0.062446063310114173 0.171711951051088
0.06241534676269928 0.16890967216507516
0.06250986311251791 0.16694239438392833
0.06259315652485953 0.16537079760290435
0.06301499012514562 0.16214242981615706
0.06303124588369036 0.16206445002910924
0.06363919751743446 0.15916826349522392
0.06439768854406089 0.1570291288291938
0.06455678250432642 0.15658265317519549
0.0657263045991077 0.15433200518206075
0.06722974165765767 0.15254285746683968
0.06838179797378233 0.15171982744911108
0.06907661291956343 0.15123863947433783
0.07132791383040649 0.1505196658970355
0.07409587985486525 0.15056428119377796
0.07737161141662952 0.1515702257932969
0.07754759474189733 0.15163204714059955
0.08204080306826396 0.15425938600344777
0.0857981236381666 0.1573255161031349
0.0885334395709118 0.1598320627223331
0.09199839491520424 0.16347260610966144
0.09758432593787411 0.16991187652852058
0.10299273100626216 0.1766488723089931
0.10403116886288302 0.17801541990398623
0.10832545069056031 0.18363960293655865
0.10832545069056031 0.18363960293655865
0.11378331494171123 0.19093692250159947
0.11646105625448416 0.19457829375438984
0.11944372058866376 0.19854938817006137
0.12538485075888803 0.2064959750408044
0.1316987514794518 0.21481177226194928
0.13843289688425647 0.22350369823944083
0.14560074292159725 0.23255311269383555
0.14742058268534292 0.2348424054058904
0.15330041032161745 0.2420017648416816
0.1615499183299816 0.2518318426683842
0.17023414123718528 0.261926665402946
0.17094460979971443 0.2627492840408774
0.17961353653507922 0.27244342844562436
0.18937330581809728 0.2831217652705894
0.19332342352301804 0.2874061201544283
0.19962467235258916 0.29401353771770905
0.21019440855979624 0.30497201806279084
0.21483551738349588 0.3097619038714257
0.22100780676572904 0.31592818315997734
0.23183632733275641 0.3267177233119592
0.23488792452857607 0.3297691107825157
0.2427288772244052 0.33737097526608123
0.25290460362347533 0.34735349139486105
0.253019926037394 0.3474635118402789
0.2633866084678231 0.35744225343451935
0.2686639009623655 0.36266467550879083
0.27286341048716783 0.3667174364389565
0.2814379387831294 0.3753153060626547
0.28178976599012395 0.3756782386788904
0.28955871328533644 0.38353115781906133
0.292599008830014 0.3868095820189861
0.2964921736267361 0.3909542726932158
0.30087719921550404 0.39604133057685503
0.30223165305189376 0.39761293211933785
0.30681119949663466 0.4035536178830893
0.3068683858011629 0.40363430762037444
0.3105091284990627 0.40895465190309077
0.3110983997659973 0.40999787945164795
0.3129224946608513 0.4136053061976626
0.31347324181353237 0.41509997136920485
0.31407873691821325 0.4175362168853424
0.3142296089433376 0.4191136556661403
0.3140011514918349 0.42077074403339143
0.3135800529646046 0.4221830726214053
0.3127054869283887 0.4233236365499471
0.31170866930589985 0.42442544633378015
0.3101984057006974 0.4252006132123946
0.3087709799656468 0.4259341892132824
0.30647777060443654 0.42639880357493626
0.304896112487966 0.4267822885558583
0.3015348069535762 0.4269081071186065
0.300190146475372 0.4270256182615049
0.2953582853642117 0.42671364885757423
0.29473999354210645 0.4267060595940354
0.2887570829699875 0.425952638833234
0.28787732331423416 0.42576350238755933
0.28234460614300694 0.4248226458343196
0.27896168230218216 0.4239675766599157
0.275393687076944 0.42322197758583835
0.2686426822443585 0.42132431991213715
0.26794275325865297 0.42115773761561204
0.260298633157317 0.4188379581591087
0.2561496260956236 0.4173610312003687
0.25229258827570633 0.41612117652732966
0.24397127408047017 0.41302237232755484
0.24113221418754668 0.4118359316101037
0.23545191514297262 0.40961339642836464
0.2266394455074428 0.4057980166513832
0.22083307232049734 0.4030620672982252
0.21759611781874813 0.40160199483488723
0.20821931966818621 0.3969105349223706
0.19847621339638558 0.3916566734460896
