0.36837778348906597 0.3881553008872318
0.23652877274717846 0.30090863685297337
0.19037376762112568 0.25766462365655274
0.16624281271934116 0.23087947259989486
0.14645841041231505 0.20596468646438046
0.13319691262178504 0.18577858116599974
0.12436971049285456 0.16726850209597702
0.12057599394779209 0.14791950686853456
0.12589642442623333 0.1303617905258725
0.14623730981873312 0.1167403297036093
0.2509314276275014 0.12160524583001381
0.5584187242709716 0.27874744288998154
0.6496413608129813 0.36627962758539573
0.6855282380865707 0.41953954406392235
0.696371160762431 0.45240145476530036
0.6928123808779475 0.47177470613721656
0.680443666885568 0.4823049767839094
0.6527529360502475 0.4873597020800445
0.612147960048016 0.4830462291558365
0.5448431973087384 0.46483525701720924
0.4550291645644211 0.4301392604466132
