0.44451069938390975 0.47506271297215713
0.28682071698645767 0.3700217418049986
0.23490742839386763 0.3137698418667006
0.21067453843448214 0.2786696850941953
0.19205603170353608 0.24617083242885218
0.18034271081037948 0.22073922162064946
0.17403544087108444 0.19897348447751134
0.17592481431190318 0.17889616626610094
0.19323683594774912 0.16507264234567592
0.23763278896372747 0.16342695123151751
0.40068460627657365 0.22214137938577597
0.6183209483139768 0.37573817278981314
0.6832608708837435 0.43794989330550066
0.7201136624655096 0.4796020509390497
0.7383597051359251 0.5078018007006094
0.7424176403388848 0.5266543969139407
0.7371493669441795 0.5391924625833608
0.7189030322456292 0.5495869098028251
0.6873927907125825 0.5527658468085574
0.6284380398745236 0.5444619911327546
0.5397024784479256 0.5170260023609308
