0.11163991725091887 -0.012499999999999956
0.11149257124120923 -0.024999999999999967
0.11106912943239194 -0.03749999999999998
0.11036705066979727 -0.04999999999999999
0.10938376251833534 -0.0625
0.10811666077920365 -0.07499999999999996
0.10656310899875857 -0.08749999999999997
0.10472043796680777 -0.09999999999999998
0.10258594520711209 -0.11249999999999999
0.10015689445673179 -0.125
0.10000000000000006 -0.12572146039309198
0.09694417423980989 -0.13749999999999996
0.093340851462997 -0.14999999999999997
0.08937244336488337 -0.16249999999999998
0.0875 -0.16790748196988198
0.08445123473332772 -0.175
0.07861699506729765 -0.1875
0.07500000000000004 -0.19467646914221715
0.07145783275569442 -0.19999999999999996
0.06250676306163969 -0.21249999999999997
0.06249999999999998 -0.2125088365944522
0.050000000000000024 -0.22359092819670445
0.04699572704373704 -0.22499999999999998
0.03750000000000007 -0.22917744883239788
0.025 -0.22983890738128432
0.012500000000000046 -0.22576103132671635
0.012500000000000046 -0.22576103132671635
0.011415450345680825 -0.22499999999999998
3.469446951953614e-17 -0.21660177147785858
-0.003647449909434608 -0.21249999999999997
-0.012499999999999976 -0.20203806311793032
-0.013781428442862863 -0.19999999999999996
-0.021221224011992577 -0.18749999999999997
-0.024999999999999988 -0.18078195967684407
-0.027584678114205383 -0.175
-0.032833656941108624 -0.16249999999999998
-0.0375 -0.15063811106500097
-0.037708128059526995 -0.14999999999999997
-0.04148987278852225 -0.13749999999999996
-0.04498664310149383 -0.125
-0.048195472449280054 -0.11249999999999999
-0.049999999999999954 -0.10475927898069809
-0.05094612258737063 -0.09999999999999998
-0.053174220122559825 -0.08749999999999997
-0.05514776007980662 -0.07499999999999996
-0.05686446249388801 -0.0625
-0.05832202009006548 -0.049999999999999996
-0.059518097874707736 -0.03749999999999998
-0.06045033271702855 -0.024999999999999967
-0.06111633292469038 -0.012499999999999957
-0.061513677810393734 0.0
-0.061639917251718 0.012500000000000067
-0.0614925712417694 0.025000000000000022
-0.06106912943278995 0.03749999999999998
-0.060367050670066695 0.050000000000000044
-0.05938376251849465 0.0625
-0.058116660779301145 0.07500000000000007
-0.0565631089988198 0.08750000000000002
-0.054720437966863426 0.10000000000000009
-0.05258594520710464 0.11250000000000004
-0.050156894456736746 0.125
-0.049999999999999954 0.12572146039310872
-0.0469441742397995 0.13750000000000007
-0.04334085146301405 0.15000000000000002
-0.03937244336484202 0.1625000000000001
-0.0375 0.16790748196984012
-0.03445123473339156 0.17500000000000004
-0.02861699506746536 0.1875
-0.024999999999999988 0.19467646914304376
-0.021457832755834766 0.20000000000000007
-0.012506763059883429 0.21250000000000002
-0.012499999999999976 0.21250883659215522
3.122502256758253e-17 0.22359092820172546
0.00300427295171107 0.2250000000000001
0.012500000000000046 0.22917744882473212
0.025 0.22983890739231094
0.03750000000000007 0.22576103131266764
0.03858454963857137 0.2250000000000001
0.050000000000000024 0.21660177149532311
0.05364744991413006 0.21250000000000002
0.06249999999999998 0.2020380630979692
0.06378142843355844 0.20000000000000007
0.07122122401838149 0.1875
0.07500000000000004 0.18078195969929806
0.07758467811910322 0.17500000000000004
0.08283365693760092 0.1625000000000001
0.0875 0.15063811104212096
0.08770812805240391 0.15000000000000002
0.09148987278690804 0.13750000000000007
0.0949866431035293 0.125
0.09819547245370716 0.11250000000000004
0.10000000000000006 0.10475927900346238
0.10094612259084162 0.10000000000000009
0.10317422012400251 0.08750000000000002
0.10514776007991222 0.07500000000000007
0.10686446249315024 0.0625
0.10832202008888381 0.050000000000000044
0.10951809787336297 0.03749999999999998
0.11045033271568414 0.025000000000000022
0.11111633292350029 0.012500000000000068
0.11151367780936544 0.0
