[ 0.00462724 -0.01503388 -0.01090587 -0.01332389 -0.029345   -0.01456716
 -0.04174899 -0.06257553 -0.0448623  -0.06468108 -0.05976843 -0.08539484
 -0.09362598 -0.10878004 -0.14219467 -0.14607135 -0.16983528 -0.22419492
 -0.22481814 -0.29984491 -0.35337687 -0.39315259 -0.47505432 -0.57942977
 -0.6389335  -0.73481004 -0.74055042 -0.83895454 -0.89106439 -0.80730278
 -0.79113866 -0.70551331 -0.65564548 -0.55389837 -0.45405411 -0.3908085
 -0.33050013 -0.26399792 -0.24163787 -0.22879823 -0.14601417 -0.13705371
 -0.09452719 -0.08781824 -0.08853099 -0.05452396 -0.0308958  -0.01834856
 -0.02856477 -0.00330956  0.0180101   0.02570785  0.02793983  0.03776755
  0.04508703  0.06378956  0.09053359  0.08692875  0.10742383  0.16923647
  0.19153215  0.22802865  0.24404348  0.31240416  0.37545061  0.42189386
  0.50011965  0.57675548  0.65043539  0.7251953   0.76059937  0.8158083
  0.81866467  0.85709219  0.75256988  0.72362317  0.58544527  0.50441101
  0.46052484  0.37574014  0.31029467  0.26381056  0.23063969  0.21269943
  0.1694398   0.14228009  0.12623268  0.10512718  0.09219122  0.07637534
  0.07616706  0.05600401  0.05663607  0.03982122  0.02574047  0.0218637
  0.02473164  0.00886902  0.00275331 -0.00765765]