[-3.17197113e-09 -5.96796704e-03 -1.19965105e-02 -1.81742594e-02
 -2.45946286e-02 -3.13590175e-02 -3.85804508e-02 -4.63878773e-02
 -5.49313901e-02 -6.43886916e-02 -7.49732089e-02 -8.69443544e-02
 -1.00620512e-01 -1.16395358e-01 -1.34757995e-01 -1.56316856e-01
 -1.81825887e-01 -2.12208221e-01 -2.48565503e-01 -2.92147373e-01
 -3.44232175e-01 -4.05838211e-01 -4.77165643e-01 -5.56727980e-01
 -6.40373198e-01 -7.20806795e-01 -7.88401394e-01 -8.33427122e-01
 -8.48732743e-01 -8.31664287e-01 -7.84746054e-01 -7.15098850e-01
 -6.32546700e-01 -5.46868212e-01 -4.65470791e-01 -3.92536668e-01
 -3.29515762e-01 -2.76141065e-01 -2.31324202e-01 -1.93725438e-01
 -1.62044523e-01 -1.35137855e-01 -1.12045786e-01 -9.19802367e-02
 -7.42984172e-02 -5.84744074e-02 -4.40732331e-02 -3.07287236e-02
 -1.81250266e-02 -5.98112313e-03  5.96245303e-03  1.79554821e-02
  3.02492648e-02  4.31078890e-02  5.68202743e-02  7.17137252e-02
  8.81697362e-02  1.06642730e-01  1.27682139e-01  1.51957451e-01
  1.80283934e-01  2.13642517e-01  2.53178744e-01  3.00149749e-01
  3.55762733e-01  4.20818919e-01  4.95074662e-01  5.76334033e-01
  6.59582070e-01  7.36847623e-01  7.98444298e-01  8.35389509e-01
  8.41879760e-01  8.16816722e-01  7.64110164e-01  6.91727727e-01
  6.09524771e-01  5.26564511e-01  4.49224043e-01  3.80792900e-01
  3.22164998e-01  2.72824495e-01  2.31630165e-01  1.97287407e-01
  1.68578664e-01  1.44450499e-01  1.24028770e-01  1.06603152e-01
  9.16017493e-02  7.85651138e-02  6.71232451e-02  5.69764924e-02
  4.78801905e-02  3.96324773e-02  3.20646773e-02  2.50336873e-02
  1.84158951e-02  1.21022457e-02  5.99415157e-03 -3.17197113e-09]