[-0.00192702 -0.00589457 -0.01060589 -0.01478741 -0.03108925 -0.02827393
 -0.04418861 -0.0408785  -0.05621644 -0.07113261 -0.07819697 -0.08726842
 -0.10104184 -0.11726802 -0.14039265 -0.15539358 -0.17713674 -0.21990007
 -0.25011059 -0.29796388 -0.34756737 -0.42018892 -0.47821297 -0.57849322
 -0.64948566 -0.71972609 -0.81222755 -0.85462924 -0.85028698 -0.81621108
 -0.77608745 -0.70471733 -0.63630435 -0.54864688 -0.46975775 -0.38896705
 -0.33127748 -0.28662271 -0.21822668 -0.18495628 -0.16648769 -0.14177941
 -0.11926403 -0.10480023 -0.07885611 -0.0466865  -0.03714587 -0.03246172
 -0.00838968 -0.01323214  0.00393685  0.02463347  0.0321734   0.04362066
  0.04875883  0.06808978  0.08183293  0.10267089  0.12392426  0.15155803
  0.18871557  0.20599632  0.27244383  0.2905232   0.34275494  0.42077442
  0.49344893  0.58524768  0.65499052  0.7300019   0.77807625  0.84074441
  0.83987762  0.85547927  0.74727472  0.70260805  0.61745505  0.51686792
  0.4378141   0.37496954  0.33106468  0.27264373  0.22503767  0.19748048
  0.17537585  0.14858882  0.12352502  0.10835574  0.09054764  0.07545796
  0.06808279  0.05621356  0.0482604   0.03802856  0.03048962  0.02651696
  0.01326626  0.00772867  0.00933691  0.0044394 ]