0.03755408822721652 0.0
0.03750000000000007 -0.0015846160334342827
0.03633641961593065 -0.012499999999999956
0.031048919541826224 -0.024999999999999967
0.025 -0.03285932959500333
0.025 -0.03285932959500333
0.019834756505279258 -0.024999999999999967
0.014523028013071497 -0.012499999999999956
0.012500000000000046 -0.0008955004520925648
0.01244591177272584 0.0
0.012500000000000046 0.0015846160341184206
0.013663580384718214 0.012500000000000065
0.018951080458200955 0.025000000000000022
0.025 0.03285932959523116
0.030165243494578827 0.025000000000000022
0.03547697198689391 0.012500000000000067
0.03750000000000007 0.0008955004512221135
