0.8650923488703832 0.7093025451396306
0.856936401102844 0.7129463733538901
0.8457380451949772 0.7161460466158561
0.8452696413804812 0.7162372343413473
0.8315076005744866 0.7177382291377967
0.8230870809855382 0.7176417928317714
0.8208381205379595 0.7175440637506882
0.8119086389742063 0.7165059483057696
0.8040156461764973 0.7149807708152371
0.8021710177464164 0.7144861812089424
0.7968880056137779 0.7131198914540923
0.7903036654278318 0.7110194273280854
0.7842093073612055 0.7087258646099637
0.7786273086341033 0.7062677604078962
0.7780129791999348 0.7059535567462104
0.7731771977665499 0.7037048212668683
0.7681022800476475 0.7010269974700506
0.7649503597636071 0.6991206576192008
0.763350377729397 0.6982535800856347
0.7586085516471216 0.6954116143591069
0.7547642556371504 0.692730124293107
0.7543662205244898 0.6924843091787888
0.7498727120947679 0.6895066529663835
0.7461632967990091 0.6865845465770939
0.7459801886289991 0.686457937348622
0.7417205229136937 0.6833608144508876
0.7385480338146666 0.6805869954723102
0.7380518311143227 0.6802080899957714
0.7340674664751963 0.677004017615476
0.7316592274401652 0.6746968651869025
0.730533040248959 0.6737558326986121
0.726912806217314 0.6704587807415684
0.7254259971424972 0.6689086564062462
0.7234626816916555 0.6671195686656061
0.7203395722333333 0.6637482743754559
0.7198930681387312 0.6632410720376998
0.71696875740328 0.6603224518410801
0.7148430734153687 0.6576508489462075
0.7141462741516581 0.6568815821780821
0.711277458941223 0.6533982802863169
0.7104168964733352 0.6521760654740006
0.7086016830574184 0.6498874090441079
0.7068051204666173 0.6468681638685823
0.7064780076574435 0.6463776435491774
0.7043384969885654 0.6428324877562189
0.7037979089056141 0.6416815554548698
0.7025670395329551 0.6392820330544381
0.7017362800462932 0.6367033373593997
0.7014130112570974 0.6357501855389853
0.700750418415965 0.6322300053189971
0.7007135100482659 0.6319599028976921
0.7003461108679038 0.6287032160812471
0.7004355989852493 0.6273798687027954
0.7007202892379147 0.6252131226419894
0.7013663199663516 0.6230768636412556
0.7019120249794109 0.6217597572789009
0.7034597175551133 0.6190358300339505
0.7039726477430662 0.6183391797474563
0.7066505163585826 0.6152345165446139
0.7069700061288463 0.6149421968476982
0.7108560705732301 0.6116450030392693
0.7109930756941383 0.6115519733187342
0.7159791301748687 0.6082355002423838
0.7161566542488434 0.6081397499945359
0.7219113505758458 0.6049722407138662
0.7226056085825902 0.6046572968579996
0.728537382138337 0.6018212689947372
0.7305176923516862 0.6010235899542796
0.7357392724397684 0.5987499572686418
0.7401033226158458 0.5971008495409421
0.7434008359309485 0.5957281198401426
0.7513954510580783 0.5927253700854993
0.7516182981124214 0.5926483346069991
0.7592886171179161 0.5896525049994468
0.7660613108290899 0.5871196732304652
0.7673654586564737 0.5865675818921937
0.7752412078737808 0.5833961285128966
0.7830908008053042 0.5801716084571593
0.7880429526418579 0.5781304281881638
0.7907658482747889 0.5768660082582535
0.7982914955666909 0.57348229694866
0.8057686941511986 0.5700329189106514
0.8129579765797452 0.5667035590493703
0.8133057093931836 0.5665265216937508
0.8211728880033226 0.562987255235271
0.82660199808227 0.5608093504558532
0.8300548758439505 0.5594730203330883
0.8339689113262356 0.5582658149992149
0.8393866198779621 0.5569715748226728
0.8438186139786711 0.556388060838275
0.8445996619460325 0.5563760846693598
0.8475892675602283 0.5563721898866716
0.8475892675602283 0.5563721898866716
0.8509480974267363 0.5567276988117232
0.8524485799072564 0.557055622324169
0.8540006000323285 0.557389041248443
0.8568207232496576 0.5583014869982773
0.8594648250896704 0.5594137735245729
0.8619616243747823 0.5607078371710915
0.8643270769865938 0.5621807173411909
0.8648920913524321 0.5625974314987406
0.8665921246390754 0.5637925256387162
0.8687662655302122 0.5655397462050724
0.870840777892039 0.567454435741911
0.8710038652256546 0.5676236608887595
0.8728620031798809 0.5694486776993672
0.8747973555152947 0.5716006283639367
0.875548117807444 0.5725349152532174
0.8766726684195884 0.5738609586007482
0.8784818082881797 0.5762483063931114
0.8792569030947548 0.5773892068703056
0.8802311998274818 0.5787522679528961
0.8819152635557673 0.5813881323471871
0.8823898238162788 0.5822067762519686
0.8835506694810237 0.5841198290289824
0.8850852740686547 0.5869978743580053
0.8851019504961241 0.5870279604230039
0.886627126678078 0.5899811100909012
0.8874430658952434 0.5917691999670128
0.8880705148988792 0.5931031700355096
0.8894403034506896 0.5963724447665051
0.88949929885108 0.5965233591513068
0.8907698454814436 0.5997117070465223
0.8913207823436522 0.6012641573207174
0.8920165084007868 0.603210027721202
0.8929053345630166 0.6059915740261225
0.8931807036364001 0.6068592764733964
0.8942626605366797 0.6106505844668344
0.8942777065887272 0.6107068282985948
0.8952765453451743 0.6145459930015145
0.8954796226330405 0.6154119279954534
0.8961900910740168 0.6186012309504947
0.896493035453698 0.6201056810526866
0.8969955011585158 0.6228178687847533
0.8973261684946636 0.6247881889568261
0.8976818300360003 0.6272007727775479
0.897983682736132 0.6294593024494073
0.8982342437055276 0.6317584554306476
0.8984669050022634 0.6341186305290186
0.8986330155165648 0.6365034593889873
0.898773960414909 0.6387655374442999
0.898852158875377 0.6414527689698403
0.8988998205574993 0.643399128740342
0.8988575520390549 0.646628232635704
0.8988362745385994 0.6480182264737089
0.8986043381125685 0.6520569626772937
0.8985718264587641 0.6526213328799361
0.8981106098565472 0.6572077775414469
0.8980252038052361 0.657782877622983
0.8974439835602073 0.6617760096788753
0.8970183225433674 0.6638718412958661
0.8965300796262003 0.6663221208068749
0.8954629475481327 0.6703756311166434
0.8953419346822993 0.6708427757278669
0.8938963281019934 0.6753373543485469
0.8930203784585341 0.6775371430641224
0.8921266310407853 0.6797991069806321
0.889993445421238 0.6842224630776025
0.889204344592111 0.6855939480901053
0.8874660468476883 0.6886018032978004
0.8844542613016867 0.6929258279349206
0.8822461475413245 0.6955792947112455
0.8808849602376656 0.6971829348739446
0.8766103150838317 0.7013528023807875
0.8714503402026338 0.7054081849436362
