1.117022651182602855e-01 -1.249999999999995559e-02 0.000000000000000000e+00 0.000000000000000000e+00
1.116481063851340189e-01 -2.499999999999996669e-02 6.240958716463907763e+00 1.659618684766434527e+01
1.113837053966231228e-01 -3.749999999999997780e-02 6.198567405299667321e+00 1.648345831463571542e+01
1.109075866719674425e-01 -4.999999999999998196e-02 6.155923157804074286e+00 1.637005716401636235e+01
1.102182608917875450e-01 -6.250000000000000000e-02 6.112937993081238197e+00 1.625574943377359105e+01
1.093142247347866081e-01 -7.499999999999995559e-02 6.069525091236156022e+00 1.614030424925095986e+01
1.081939607135057324e-01 -8.749999999999996669e-02 6.025599834149125478e+00 1.602349659083384381e+01
1.068559370063780212e-01 -9.999999999999997780e-02 5.981080990934985131e+00 1.590511044636622273e+01
1.052986072887721891e-01 -1.124999999999999889e-01 5.935892074087615100e+00 1.578494241746001059e+01
1.035204105602798297e-01 -1.250000000000000000e-01 5.889962885508901458e+00 1.566280583075208810e+01
1.015197709707642976e-01 -1.374999999999999556e-01 5.843231261177163738e+00 1.553853537739074930e+01
1.000000000000000888e-01 -1.460457327283396500e-01 5.810691395394991687e+00 1.545200417007892923e+01
9.919805177626926651e-02 -1.499999999999999667e-01 5.795205458449435021e+00 1.541082339726247064e+01
9.640921587573213214e-02 -1.624999999999999778e-01 5.745028272926016477e+00 1.527739038091519852e+01
9.335981408075327836e-02 -1.749999999999999889e-01 5.693507562427433832e+00 1.514038461356358134e+01
9.004770891557767332e-02 -1.875000000000000000e-01 5.640606960832563743e+00 1.499970938908144369e+01
8.750000000000002220e-02 -1.964101790689232463e-01 5.601899826466157251e+00 1.489677795443056674e+01
8.630432170512632173e-02 -1.999999999999999556e-01 5.585311282191497639e+00 1.485266508767073113e+01
8.183625876014533063e-02 -2.124999999999999667e-01 5.525593001767986401e+00 1.469386004101735921e+01
7.705112260900923160e-02 -2.249999999999999778e-01 5.463812497873847818e+00 1.452957105389986125e+01
7.500000000000006661e-02 -2.300317228378569168e-01 5.438140219089462768e+00 1.446130238639738153e+01
7.135000465929905444e-02 -2.374999999999999889e-01 5.395798238673051195e+00 1.434870503550686571e+01
6.485604561004967850e-02 -2.500000000000000000e-01 5.322064250746439740e+00 1.415262890421868747e+01
6.250000000000000000e-02 -2.542835667593021931e-01 5.295856809569528423e+00 1.408293711320846953e+01
5.685307463503921910e-02 -2.624999999999999556e-01 5.236855059720271655e+00 1.392603749099910893e+01
5.000000000000004441e-02 -2.719291790530540820e-01 5.166168575461099088e+00 1.373806539349508782e+01
4.702601215562432491e-02 -2.750000000000000222e-01 5.137071042457538539e+00 1.366068816405448239e+01
3.749999999999997780e-02 -2.843288844940622950e-01 5.044470240320114485e+00 1.341444070683896328e+01
3.264874634021231598e-02 -2.874999999999999778e-01 4.999138959864306564e+00 1.329389409939165034e+01
2.500000000000002220e-02 -2.922545382023256089e-01 4.927870599197248680e+00 1.310437465475296115e+01
1.250000000000006661e-02 -2.961767098151130151e-01 4.814312052649548868e+00 1.280239559315733366e+01
0.000000000000000000e+00 -2.963013440612484728e-01 4.702199339111414744e+00 1.250426134385216059e+01
-1.249999999999995559e-02 -2.926953964692656784e-01 4.590083562698397124e+00 1.220611894963750110e+01
-1.249999999999995559e-02 -2.926953964692656784e-01 4.590083562698397124e+00 1.220611894963750110e+01
-2.141657817536888470e-02 -2.874999999999999778e-01 4.509108068036087325e+00 1.199078593742697052e+01
-2.499999999999996322e-02 -2.853331275847269533e-01 4.476546951955641340e+00 1.190419822054078125e+01
-3.637757175011123445e-02 -2.750000000000000222e-01 4.370454179996166921e+00 1.162207242118543604e+01
-3.749999999999997780e-02 -2.739405589124329632e-01 4.359963864793392929e+00 1.159417618935540517e+01
-4.658474559199250742e-02 -2.624999999999999556e-01 4.271632309415471340e+00 1.135928167006792577e+01
-4.999999999999998890e-02 -2.580232336707050100e-01 4.238210259257509271e+00 1.127040452563332629e+01
-5.489476274386544813e-02 -2.500000000000000000e-01 4.187854786563473652e+00 1.113649740148779266e+01
-6.220764396699760695e-02 -2.374999999999999889e-01 4.111733608128232298e+00 1.093407316544166008e+01
-6.250000000000000000e-02 -2.369764380161845096e-01 4.108653012880783884e+00 1.092588113331143340e+01
-6.806783877340823186e-02 -2.249999999999999778e-01 4.046069973067117687e+00 1.075945801317406669e+01
-7.361372410802774491e-02 -2.124999999999999667e-01 3.982519568276996935e+00 1.059046244052923846e+01
-7.499999999999995559e-02 -2.092090682208376240e-01 3.966295966025789710e+00 1.054732004101409260e+01
-7.832124792285687087e-02 -1.999999999999999556e-01 3.924389204323650571e+00 1.043588003972799072e+01
-8.259123227292597402e-02 -1.875000000000000000e-01 3.868861459373073686e+00 1.028821861905585244e+01
-8.662445304742447116e-02 -1.749999999999999889e-01 3.814724129310473444e+00 1.014425464076796857e+01
-8.749999999999996669e-02 -1.721091847613949455e-01 3.802529028136898859e+00 1.011182497941339165e+01
-9.004251091711799881e-02 -1.624999999999999778e-01 3.763872602726280103e+00 1.000902839188189652e+01
-9.313569216713329935e-02 -1.499999999999999667e-01 3.714562873849255986e+00 9.877902148137982508e+00
-9.601496998094642688e-02 -1.374999999999999556e-01 3.666208854485675683e+00 9.749317362265813358e+00
-9.867870193991834515e-02 -1.250000000000000000e-01 3.618799069673528823e+00 9.623243519624571363e+00
-9.999999999999997780e-02 -1.182411569245947897e-01 3.593650002159963552e+00 9.556366194767640820e+00
-1.009955537826292826e-01 -1.124999999999999889e-01 3.572744240076628941e+00 9.500772823702302361e+00
-1.029655988796145810e-01 -9.999999999999997780e-02 3.527845566734370664e+00 9.381376620994753779e+00
-1.047394295924237995e-01 -8.749999999999996669e-02 3.483495713753526513e+00 9.263439861567899669e+00
-1.063157003651260535e-01 -7.499999999999995559e-02 3.439650665867303836e+00 9.146845498406204200e+00
-1.076930533108997057e-01 -6.250000000000000000e-02 3.396257553208100521e+00 9.031452938014149723e+00
-1.088701180697863313e-01 -4.999999999999998890e-02 3.353255824051176059e+00 8.917101159019313883e+00
-1.098455116657731656e-01 -3.749999999999997780e-02 3.310578344059450728e+00 8.803611635324555706e+00
-1.106178383608136528e-01 -2.499999999999996669e-02 3.268152413781344912e+00 8.690791041875675305e+00
-1.111856895075613028e-01 -1.249999999999995559e-02 3.225900705898247178e+00 8.578433747024327261e+00
-1.115476433994881944e-01 0.000000000000000000e+00 3.183742131797628883e+00 8.466324116951113865e+00
-1.117022651196086375e-01 1.250000000000006835e-02 3.141592653586747552e+00 8.354238675002271464e+00
-1.116481063862333062e-01 2.500000000000002220e-02 3.099366062872000782e+00 8.241948172648354998e+00
-1.113837053974804508e-01 3.749999999999997780e-02 3.056974751708533500e+00 8.129219639621780402e+00
-1.109075866725982018e-01 5.000000000000004441e-02 3.014330504213293516e+00 8.015818489003365244e+00
-1.102182608922230023e-01 6.250000000000000000e-02 2.971345339490748749e+00 7.901510758761369324e+00
-1.093142247350905455e-01 7.500000000000006661e-02 2.927932437645880626e+00 7.786065574239307452e+00
-1.081939607136916809e-01 8.750000000000002220e-02 2.884007180559052141e+00 7.669257915822726979e+00
-1.068559370064734726e-01 1.000000000000000888e-01 2.839488337344900692e+00 7.550871771355078366e+00
-1.052986072888097285e-01 1.125000000000000444e-01 2.794299420497698083e+00 7.430703742449309424e+00
-1.035204105602911817e-01 1.250000000000000000e-01 2.748370231918862761e+00 7.308567155741066301e+00
-1.015197709707969520e-01 1.375000000000000666e-01 2.701638607587353302e+00 7.184296702380333244e+00
-9.999999999999999167e-02 1.460457327284319096e-01 2.669098741804759367e+00 7.097765495067391406e+00
-9.919805177627905035e-02 1.499999999999999944e-01 2.653612804859514451e+00 7.056584722251760589e+00
-9.640921587577962193e-02 1.625000000000000888e-01 2.603435619336342821e+00 6.923151705905145725e+00
-9.335981408074205123e-02 1.750000000000000444e-01 2.551914908837302320e+00 6.786145938552311740e+00
-9.004770891554653156e-02 1.875000000000000000e-01 2.499014307242541921e+00 6.645470714070465412e+00
-8.749999999999996669e-02 1.964101790688886906e-01 2.460307172876351700e+00 6.542539279420163112e+00
-8.630432170513686885e-02 2.000000000000000666e-01 2.443718628601674769e+00 6.498426412660282203e+00
-8.183625876016233092e-02 2.125000000000000222e-01 2.384000348178400674e+00 6.339621366007542669e+00
-7.705112260914240285e-02 2.250000000000000888e-01 2.322219844284993062e+00 6.175332378891987162e+00
-7.499999999999995559e-02 2.300317228383765011e-01 2.296547565498619381e+00 6.107063711384218330e+00
-7.135000465933891145e-02 2.375000000000000444e-01 2.254205585083544516e+00 5.994466360497256119e+00
-6.485604560944235875e-02 2.500000000000000000e-01 2.180471597150992480e+00 5.798390229193282508e+00
-6.250000000000000000e-02 2.542835667574515623e-01 2.154264155982241302e+00 5.728698438204765431e+00
-5.685307463527816685e-02 2.625000000000000666e-01 2.095262406133266087e+00 5.571798815996150900e+00
-4.999999999999998890e-02 2.719291790574854262e-01 2.024575921866845096e+00 5.383826718472856321e+00
-4.702601215757356429e-02 2.750000000000000222e-01 1.995478388884652565e+00 5.306449489089074767e+00
-3.749999999999997780e-02 2.843288844864944598e-01 1.902877586734543103e+00 5.060202031839819092e+00
-3.264874633945941823e-02 2.875000000000000888e-01 1.857546306268471170e+00 4.939655424365210656e+00
-2.499999999999996669e-02 2.922545382138111991e-01 1.786277945605565520e+00 4.750135979737564185e+00
-1.249999999999995559e-02 2.961767097986369168e-01 1.672719399057182699e+00 4.448156918140121263e+00
0.000000000000000000e+00 2.963013440825478240e-01 1.560606685532365479e+00 4.150022668870361642e+00
1.250000000000006661e-02 2.926953964430527022e-01 1.448490909087569500e+00 3.851880274571195528e+00
2.141657820131364146e-02 2.875000000000000888e-01 1.367515414228303028e+00 3.636547261836910572e+00
2.500000000000002220e-02 2.853331276162514585e-01 1.334954298399807726e+00 3.549959545620718249e+00
3.637757171794228639e-02 2.750000000000000222e-01 1.228861526665447457e+00 3.267833746864006184e+00
3.749999999999997780e-02 2.739405588765636002e-01 1.218371211154784195e+00 3.239937514215224468e+00
4.658474560770446693e-02 2.625000000000000666e-01 1.130039655704495827e+00 3.005042994735303896e+00
5.000000000000004441e-02 2.580232337097290718e-01 1.096617605731283307e+00 2.916165850791995418e+00
5.489476274675796075e-02 2.500000000000000000e-01 1.046262132953748480e+00 2.782258726424418516e+00
6.220764394454322832e-02 2.375000000000000444e-01 9.701409547000899858e-01 2.579834490861157015e+00
6.250000000000000000e-02 2.369764379744077332e-01 9.670603592126779668e-01 2.571642458092811889e+00
6.806783877323654974e-02 2.250000000000000888e-01 9.044773194760736823e-01 2.405219338160370590e+00
7.361372412287980893e-02 2.125000000000000500e-01 8.409269145858543348e-01 2.236223765249357065e+00
7.500000000000006661e-02 2.092090682635129317e-01 8.247033125270823994e-01 2.193081366245941410e+00
7.832124792859704310e-02 2.000000000000000666e-01 7.827965506977277999e-01 2.081641364621543477e+00
8.259123226871289969e-02 1.875000000000000000e-01 7.272688058144286538e-01 1.933979944128312756e+00
8.662445303593765966e-02 1.750000000000000722e-01 6.731314757920900949e-01 1.790015965947494569e+00
8.750000000000002220e-02 1.721091847192625091e-01 6.609363744458842671e-01 1.757586304133851085e+00
9.004251091164026943e-02 1.625000000000000888e-01 6.222799491690081952e-01 1.654789716958009249e+00
9.313569216715145149e-02 1.500000000000000222e-01 5.729702202562247937e-01 1.523663473119001077e+00
9.601496998489965351e-02 1.375000000000000666e-01 5.246162008698794788e-01 1.395078687186294575e+00
9.867870194651146010e-02 1.250000000000000000e-01 4.772064160469782768e-01 1.269004844516455677e+00
1.000000000000000888e-01 1.182411569631189319e-01 4.520573486756842008e-01 1.202127520037857167e+00
1.009955537877476467e-01 1.125000000000000444e-01 4.311515864602792347e-01 1.146534148621312088e+00
1.029655988821579077e-01 1.000000000000000888e-01 3.862529131324640708e-01 1.027137945952171449e+00
1.047394295931168284e-01 8.750000000000002220e-02 3.419030601620561827e-01 9.092011865530698067e-01
1.063157003646010568e-01 7.500000000000006661e-02 2.980580122823641709e-01 7.926068234087407793e-01
1.076930533095835640e-01 6.250000000000000000e-02 2.546648996264790354e-01 6.772142630255090223e-01
1.088701180680331365e-01 5.000000000000004441e-02 2.116631704705324857e-01 5.628624840332738799e-01
1.098455116638769602e-01 3.749999999999997780e-02 1.689856904782169045e-01 4.493729603369472914e-01
1.106178383589294795e-01 2.500000000000002220e-02 1.265597601988803778e-01 3.365523668847936745e-01
1.111856895057856537e-01 1.250000000000006661e-02 8.430805231423363355e-02 2.241950720293269805e-01
1.115476433979268323e-01 0.000000000000000000e+00 4.214947821213634732e-02 1.120854419521808004e-01
