5.036193840583277903e-02 -1.249999999999995559e-02 0.000000000000000000e+00 0.000000000000000000e+00
5.000000000000003747e-02 -2.461047527388824860e-02 6.191931951587936744e+00 1.646581307219429391e+01
4.998492823185547024e-02 -2.499999999999996669e-02 6.188990839724058723e+00 1.645799195940531945e+01
4.898328711663673535e-02 -3.749999999999997086e-02 6.092330597330152919e+00 1.620094948942745106e+01
4.745201760761599136e-02 -4.999999999999998890e-02 5.992207138909643405e+00 1.593469750807760121e+01
4.538191757742634364e-02 -6.250000000000000000e-02 5.887526176106972819e+00 1.565632604353267077e+01
4.276357047705840742e-02 -7.499999999999995559e-02 5.777395595120175642e+00 1.536346275397476191e+01
3.958733905592003860e-02 -8.749999999999996669e-02 5.661274144373629191e+00 1.505466832331660498e+01
3.749999999999997780e-02 -9.448709940229420290e-02 5.592811086558166167e+00 1.487260884314884457e+01
3.513611793004788736e-02 -9.999999999999997780e-02 5.528671814318535382e+00 1.470204733253445539e+01
2.894760091248187867e-02 -1.124999999999999889e-01 5.369432142145820208e+00 1.427859134235662353e+01
2.500000000000002220e-02 -1.195116178319234335e-01 5.272660775138700906e+00 1.402125336572215808e+01
1.949182090519840579e-02 -1.250000000000000000e-01 5.153482786583382769e+00 1.370433087735909794e+01
1.250000000000006661e-02 -1.312008866333738144e-01 5.004236909135708622e+00 1.330745075350392526e+01
0.000000000000000000e+00 -1.336626654813767578e-01 4.753571168253608370e+00 1.264087120042772305e+01
-1.249999999999995559e-02 -1.277743223161965092e-01 4.502991961081814765e+00 1.197452176097509913e+01
-1.249999999999995559e-02 -1.277743223161965092e-01 4.502991961081814765e+00 1.197452176097509913e+01
-1.496631858710996410e-02 -1.250000000000000000e-01 4.450845485744156171e+00 1.183585193675917324e+01
-2.499999999999996669e-02 -1.127193239321289259e-01 4.235053051404388036e+00 1.126200876244567795e+01
-2.511358182950175488e-02 -1.124999999999999889e-01 4.232342792883863503e+00 1.125480154335393124e+01
-3.096886011463172855e-02 -9.999999999999997780e-02 4.086558175168655715e+00 1.086712572862145443e+01
-3.623965754802908196e-02 -8.749999999999996669e-02 3.949243140346837766e+00 1.050197254007614411e+01
-3.749999999999997780e-02 -8.411025963147136797e-02 3.914569320056114243e+00 1.040976664248718642e+01
-3.996955465202951807e-02 -7.499999999999995559e-02 3.832613652425674644e+00 1.019182711828688959e+01
-4.289748301762839194e-02 -6.250000000000000000e-02 3.724500552400561215e+00 9.904328788268511374e+00
-4.536236801082201009e-02 -4.999999999999998890e-02 3.620510747887332403e+00 9.627795277255081885e+00
-4.735652064766929931e-02 -3.749999999999997780e-02 3.520325532487003084e+00 9.361379069474198289e+00
-4.887208075859466455e-02 -2.499999999999996669e-02 3.423304510558596192e+00 9.103377201295282717e+00
-4.990101219928076010e-02 -1.249999999999995559e-02 3.328576727670152113e+00 8.851473598675017485e+00
-4.999999999999998890e-02 -1.017262951131938861e-02 3.311169442799377638e+00 8.805183506823620831e+00
-5.033840947515383357e-02 0.000000000000000000e+00 3.235113960934651089e+00 8.602933973512923771e+00
-5.036193840571003694e-02 1.250000000000006661e-02 3.141592653589972084e+00 8.354238675010845938e+00
-4.999999999999998196e-02 2.461047527256778750e-02 3.050339298008183153e+00 8.111574397210622678e+00
-4.998492823180841066e-02 2.500000000000002220e-02 3.047398186134340659e+00 8.103753284395150303e+00
-4.898328711659160478e-02 3.749999999999997780e-02 2.950737943740315838e+00 7.846710814416964830e+00
-4.745201760766148275e-02 5.000000000000004441e-02 2.850614485320258407e+00 7.580458833068317581e+00
-4.538191757743455235e-02 6.250000000000000000e-02 2.745933522517501668e+00 7.302087368523156208e+00
-4.276357047707825959e-02 7.500000000000006661e-02 2.635802941530514865e+00 7.009224078964743754e+00
-3.958733905585330726e-02 8.750000000000002220e-02 2.519681490783109989e+00 6.700429648304304209e+00
-3.749999999999997780e-02 9.448709940218867620e-02 2.451218432968949035e+00 6.518370168140005916e+00
-3.513611793007750256e-02 1.000000000000000888e-01 2.387079160729043803e+00 6.347808657524887543e+00
-2.894760091256283474e-02 1.125000000000000444e-01 2.227839488557754599e+00 5.924352667350846424e+00
-2.499999999999996669e-02 1.195116178323800127e-01 2.131068121547687877e+00 5.667014690708543689e+00
-1.949182090512137366e-02 1.250000000000000000e-01 2.011890132991558833e+00 5.350092202343327941e+00
-1.249999999999995559e-02 1.312008866319407940e-01 1.862644255547438288e+00 4.953212078497605475e+00
0.000000000000000000e+00 1.336626654843737216e-01 1.611978514665400875e+00 4.286632525421568474e+00
1.250000000000006661e-02 1.277743223117088489e-01 1.361399307481453880e+00 3.620283085936628176e+00
1.496631858539363563e-02 1.250000000000000000e-01 1.309252832185056725e+00 3.481613261830425632e+00
2.500000000000002220e-02 1.127193239380587103e-01 1.093460397837429987e+00 2.907770087496031941e+00
2.511358183248906667e-02 1.125000000000000444e-01 1.090750139245101780e+00 2.900562868213342416e+00
3.096886011415033585e-02 1.000000000000000888e-01 9.449655215858024926e-01 2.512887053629538237e+00
3.623965754567258502e-02 8.750000000000002220e-02 8.076504867874776394e-01 2.147733865146704169e+00
3.749999999999997780e-02 8.411025962435342285e-02 7.729766664264280385e-01 2.055527967370732956e+00
3.996955465128031182e-02 7.500000000000006661e-02 6.910209988438200668e-01 1.837588443297629714e+00
4.289748301787688067e-02 6.250000000000000000e-02 5.829078988076729084e-01 1.550090113249911417e+00
4.536236801141323161e-02 5.000000000000004441e-02 4.789180942918056516e-01 1.273556602229465096e+00
4.735652064842531261e-02 3.749999999999997780e-02 3.787328788917679878e-01 1.007140394449357101e+00
4.887208075928222567e-02 2.500000000000002220e-02 2.817118569652624638e-01 7.491385262754968188e-01
4.990101219983358177e-02 1.250000000000006661e-02 1.869840740788178413e-01 4.972349236605495548e-01
5.000000000000004441e-02 1.017262952356952528e-02 1.695767892999850146e-01 4.509448320536467159e-01
5.033840947541152328e-02 0.000000000000000000e+00 9.352130734452122895e-02 2.486952985016583628e-01
