8.663991725091886587e-02 -1.249999999999995559e-02 0.000000000000000000e+00 0.000000000000000000e+00
8.649257124120923734e-02 -2.499999999999996669e-02 6.228656988380961934e+00 1.656347364011257284e+01
8.606912943239193592e-02 -3.749999999999997780e-02 6.173759988770973983e+00 1.641748952063746003e+01
8.536705066979725920e-02 -4.999999999999998890e-02 6.118297957587973457e+00 1.627000284843181532e+01
8.438376251833533404e-02 -6.250000000000000000e-02 6.062077220521192800e+00 1.612049859764863413e+01
8.311666077920365492e-02 -7.499999999999995559e-02 6.004910537564129847e+00 1.596847885277934864e+01
8.156310899875857112e-02 -8.749999999999996669e-02 5.946621597310028484e+00 1.581347476004958175e+01
7.972043796680776395e-02 -9.999999999999997780e-02 5.887050408670908119e+00 1.565506086527662255e+01
7.758594520711208087e-02 -1.124999999999999889e-01 5.826059685200695171e+00 1.549287209129617082e+01
7.515689445673179314e-02 -1.250000000000000000e-01 5.763542207747057056e+00 1.532662331699678226e+01
7.500000000000006661e-02 -1.257214603930919827e-01 5.759837392770628561e+00 1.531677133681581537e+01
7.194417423980989379e-02 -1.374999999999999556e-01 5.696076416931137310e+00 1.514721580589553263e+01
6.834085146299700986e-02 -1.499999999999999667e-01 5.625730362268062557e+00 1.496014899128825881e+01
6.437244336488336105e-02 -1.624999999999999778e-01 5.552661358463320873e+00 1.476584121022296792e+01
6.250000000000000000e-02 -1.679074819698819776e-01 5.519873110264326144e+00 1.467864949525734986e+01
5.945123473332770969e-02 -1.749999999999999889e-01 5.471826018033569383e+00 1.455088090129997624e+01
5.361699506729764725e-02 -1.875000000000000000e-01 5.382846822834758349e+00 1.431426415439238475e+01
5.000000000000004441e-02 -1.946764691422171456e-01 5.329361857105770817e+00 1.417203496732252965e+01
4.645783275569441428e-02 -1.999999999999999556e-01 5.281277232756150575e+00 1.404416656657492624e+01
3.750676306163967799e-02 -2.124999999999999667e-01 5.161798025406259427e+00 1.372644306611999632e+01
3.749999999999997780e-02 -2.125088365944521884e-01 5.161709300966922598e+00 1.372620712682924271e+01
2.500000000000002220e-02 -2.235909281967044526e-01 5.006960614815900712e+00 1.331469373177700177e+01
2.199572704373704141e-02 -2.249999999999999778e-01 4.971414642033406217e+00 1.322016857422003611e+01
1.250000000000006661e-02 -2.291774488323978787e-01 4.859136126701015357e+00 1.292159341868840450e+01
0.000000000000000000e+00 -2.298389073812843186e-01 4.714405310556062823e+00 1.253671991183118628e+01
-1.249999999999995559e-02 -2.257610313267163493e-01 4.569710117549023565e+00 1.215194113533187803e+01
-1.249999999999995559e-02 -2.257610313267163493e-01 4.569710117549023565e+00 1.215194113533187803e+01
-1.358454965431917655e-02 -2.249999999999999778e-01 4.556937656603383680e+00 1.211797613764664305e+01
-2.499999999999996669e-02 -2.166017714778585845e-01 4.421796361110996720e+00 1.175860343663671870e+01
-2.864744990943460939e-02 -2.124999999999999667e-01 4.376891729060055525e+00 1.163919138831198730e+01
-3.749999999999997780e-02 -2.020380631179303221e-01 4.267005040142214156e+00 1.134697666550975725e+01
-3.878142844286286417e-02 -1.999999999999999556e-01 4.250162580667102397e+00 1.130218857811450128e+01
-4.622122401199257880e-02 -1.874999999999999722e-01 4.150720176029746966e+00 1.103774768002157636e+01
-4.999999999999998890e-02 -1.807819596768440729e-01 4.099444489969614303e+00 1.090139349066422270e+01
-5.258467811420538401e-02 -1.749999999999999889e-01 4.061412222873156175e+00 1.080025668786692350e+01
-5.783365694110862570e-02 -1.624999999999999778e-01 3.981942719679528508e+00 1.058892846353286110e+01
-6.250000000000000000e-02 -1.506381110650009680e-01 3.909240641376856118e+00 1.039559642425151154e+01
-6.270812805952699631e-02 -1.499999999999999667e-01 3.905666199606200539e+00 1.038609113729208921e+01
-6.648987278852225291e-02 -1.374999999999999556e-01 3.837667364441404327e+00 1.020526613506264191e+01
-6.998664310149382839e-02 -1.250000000000000000e-01 3.771488646457748839e+00 1.002928125535205517e+01
-7.319547244928005514e-02 -1.124999999999999889e-01 3.707191270627526070e+00 9.858299309857393666e+00
-7.499999999999995559e-02 -1.047592789806980895e-01 3.668510350727161917e+00 9.755437585678304657e+00
-7.594612258737062915e-02 -9.999999999999997780e-02 3.645604615536766957e+00 9.694525812604071646e+00
-7.817422012255982600e-02 -8.749999999999996669e-02 3.586608802354342096e+00 9.537641977397390392e+00
-8.014776007980661809e-02 -7.499999999999995559e-02 3.528630881272979636e+00 9.383464958285394175e+00
-8.186446249388801277e-02 -6.250000000000000000e-02 3.471590541814493225e+00 9.231781190692133876e+00
-8.332202009006547949e-02 -4.999999999999999584e-02 3.415379820931423005e+00 9.082303575312890231e+00
-8.451809787470773716e-02 -3.749999999999997780e-02 3.359867611743028171e+00 8.934683467910668142e+00
-8.545033271702855149e-02 -2.499999999999996669e-02 3.304903816664876981e+00 8.788521723471093949e+00
-8.611633292469038359e-02 -1.249999999999995733e-02 3.250323078414220301e+00 8.643378617829050370e+00
-8.651367781039373539e-02 0.000000000000000000e+00 3.195948103238915206e+00 8.498782684921200925e+00
-8.663991725171800440e-02 1.250000000000006661e-02 3.141592653588687778e+00 8.354238675007430004e+00
-8.649257124176940037e-02 2.500000000000002220e-02 3.087064334790367681e+00 8.209234965100073111e+00
-8.606912943278995087e-02 3.749999999999997780e-02 3.032167335180978363e+00 8.063250845626551921e+00
-8.536705067006669645e-02 5.000000000000004441e-02 2.976705303998016916e+00 7.915764173421012906e+00
-8.438376251849465104e-02 6.250000000000000000e-02 2.920484566931560444e+00 7.766259922638692359e+00
-8.311666077930114638e-02 7.500000000000006661e-02 2.863317883974305644e+00 7.614240177768895279e+00
-8.156310899881979992e-02 8.750000000000002220e-02 2.805028943720390355e+00 7.459236085039623987e+00
-7.972043796686342776e-02 1.000000000000000888e-01 2.745457755081250006e+00 7.300822190266610612e+00
-7.758594520710464237e-02 1.125000000000000444e-01 2.684467031610864307e+00 7.138633416285701472e+00
-7.515689445673674751e-02 1.250000000000000000e-01 2.621949554157207984e+00 6.972384641986263176e+00
-7.499999999999995559e-02 1.257214603931087193e-01 2.618244739180686231e+00 6.962532661805048484e+00
-7.194417423979949933e-02 1.375000000000000666e-01 2.554483763341341973e+00 6.792977130885155646e+00
-6.834085146301405178e-02 1.500000000000000222e-01 2.484137708678224588e+00 6.605910316277769034e+00
-6.437244336484201912e-02 1.625000000000000888e-01 2.411068704873110757e+00 6.411602535211488707e+00
-6.250000000000000000e-02 1.679074819698401222e-01 2.378280456674533916e+00 6.324410820246981757e+00
-5.945123473339156139e-02 1.750000000000000444e-01 2.330233364444227462e+00 6.196642226290806299e+00
-5.361699506746536031e-02 1.875000000000000000e-01 2.241254169247157257e+00 5.960025479387844882e+00
-4.999999999999998890e-02 1.946764691430437622e-01 2.187769203514355887e+00 5.817796292307845896e+00
-4.645783275583476729e-02 2.000000000000000666e-01 2.139684579167466794e+00 5.689927891567506890e+00
-3.750676305988343007e-02 2.125000000000000222e-01 2.020205371796338412e+00 5.372204391056100370e+00
-3.749999999999997780e-02 2.125088365921552203e-01 2.020116647380047148e+00 5.371968451826630186e+00
-2.499999999999997016e-02 2.235909282017254640e-01 1.865367961222853754e+00 4.960455056757979264e+00
-2.199572704828893152e-02 2.250000000000000888e-01 1.829821988496270091e+00 4.865929899349693777e+00
-1.249999999999995559e-02 2.291774488247321218e-01 1.717543473110940244e+00 4.567354743677285001e+00
0.000000000000000000e+00 2.298389073923109427e-01 1.572812656971921186e+00 4.182481236835844385e+00
1.250000000000006661e-02 2.257610313126676427e-01 1.428117463943539445e+00 3.797702460279781089e+00
1.358454963857136898e-02 2.250000000000000888e-01 1.415345003185534356e+00 3.763737463093513202e+00
2.500000000000002220e-02 2.166017714953231144e-01 1.280203707548702052e+00 3.404364761699472997e+00
2.864744991413006175e-02 2.125000000000000222e-01 1.235299075422664483e+00 3.284952713175043559e+00
3.749999999999997780e-02 2.020380630979692060e-01 1.125412386511344565e+00 2.992737990390155201e+00
3.878142843355843195e-02 2.000000000000000666e-01 1.108569927167681657e+00 2.947949903344452949e+00
4.622122401838148903e-02 1.875000000000000000e-01 1.009127522379264841e+00 2.683509004849818691e+00
5.000000000000004441e-02 1.807819596992980560e-01 9.578518364360649739e-01 2.547154815803418071e+00
5.258467811910321615e-02 1.750000000000000444e-01 9.198195692405122248e-01 2.446018012742602554e+00
5.783365693760092463e-02 1.625000000000000888e-01 8.403500661209991618e-01 2.234689788605629168e+00
6.250000000000000000e-02 1.506381110421209646e-01 7.676479877184443357e-01 2.041357749058669846e+00
6.270812805240390253e-02 1.500000000000000222e-01 7.640735460730725404e-01 2.031852462432406803e+00
6.648987278690804414e-02 1.375000000000000666e-01 6.960747108625900959e-01 1.851027460081466902e+00
6.998664310352929740e-02 1.250000000000000000e-01 6.298959928509924033e-01 1.675042580296576711e+00
7.319547245370715272e-02 1.125000000000000444e-01 5.655986170069736696e-01 1.504060634765226778e+00
7.500000000000006661e-02 1.047592790034623800e-01 5.269176972180042995e-01 1.401198910882364368e+00
7.594612259084161654e-02 1.000000000000000888e-01 5.040119619253193850e-01 1.340287137536116946e+00
7.817422012400251918e-02 8.750000000000002220e-02 4.450161487568922714e-01 1.183403302366659249e+00
8.014776007991221418e-02 7.500000000000006661e-02 3.870382276840959590e-01 1.029226283277443477e+00
8.186446249315024182e-02 6.250000000000000000e-02 3.299978882301213279e-01 8.775425156961813578e-01
8.332202008888381362e-02 5.000000000000004441e-02 2.737871673484564283e-01 7.280649003206728365e-01
8.451809787336297952e-02 3.749999999999997780e-02 2.182749581596061250e-01 5.804447929172406040e-01
8.545033271568414079e-02 2.500000000000002220e-02 1.633111630801798442e-01 4.342830484742755126e-01
8.611633292350029389e-02 1.250000000000006835e-02 1.087304248277330826e-01 2.891399428274709082e-01
8.651367780936544682e-02 0.000000000000000000e+00 5.435544965126659633e-02 1.445440099165330172e-01
