1.255408822721652481e-02 0.000000000000000000e+00 0.000000000000000000e+00 0.000000000000000000e+00
1.250000000000006661e-02 -1.584616033434282749e-03 6.235430987475004017e+00 1.658148730752781574e+01
1.133641961593064712e-02 -1.249999999999995559e-02 5.882286946338534328e+00 1.564239369112894806e+01
6.048919541826224336e-03 -2.499999999999996669e-02 5.246189307466458729e+00 1.395085946574946867e+01
0.000000000000000000e+00 -3.285932959500333095e-02 4.660049860908432429e+00 1.239217590192432361e+01
0.000000000000000000e+00 -3.285932959500333095e-02 4.660049860908432429e+00 1.239217590192432361e+01
-5.165243494720741721e-03 -2.499999999999996669e-02 4.170638794479501144e+00 1.109071600244732636e+01
-1.047697198692850405e-02 -1.249999999999995559e-02 3.554721987313744336e+00 9.452847386624881665e+00
-1.249999999999995559e-02 -8.955004520925648019e-04 3.168488273720186932e+00 8.425760496792380039e+00
-1.255408822727416100e-02 0.000000000000000000e+00 3.141592653592332418e+00 8.354238675017123583e+00
-1.249999999999995559e-02 1.584616034118420608e-03 3.093838333866917978e+00 8.227248632468798561e+00
-1.133641961528178768e-02 1.250000000000006488e-02 2.740694292728331760e+00 7.288155016064304270e+00
-6.048919541799046423e-03 2.500000000000002220e-02 2.104596653877153223e+00 5.596620790740395535e+00
0.000000000000000000e+00 3.285932959523116259e-02 1.518457207320247360e+00 4.037937226918228539e+00
5.165243494578824861e-03 2.500000000000002220e-02 1.029046140900502726e+00 2.736477327465660636e+00
1.047697198689390846e-02 1.250000000000006661e-02 4.131293337227873730e-01 1.098608711611417155e+00
1.250000000000006661e-02 8.955004512221135214e-04 2.689562010169864459e-02 7.152182170570350883e-02
