3.910275143283695187e-02 0.000000000000000000e+00 0.000000000000000000e+00 0.000000000000000000e+00
3.906944229390332118e-02 -1.249999999999995559e-02 6.162694774560803168e+00 1.638806449623263717e+01
3.852355950271212082e-02 -2.499999999999996669e-02 6.040845755093470437e+00 1.606403910427646053e+01
3.749999999999997780e-02 -3.699096146075268182e-02 5.921529546664169530e+00 1.574674905654329748e+01
3.743839568008647256e-02 -3.749999999999997780e-02 5.916330956674719310e+00 1.573292477493385277e+01
3.518074922149692224e-02 -4.999999999999998890e-02 5.780460527736564380e+00 1.537161313546068797e+01
3.214798251739981599e-02 -6.250000000000000000e-02 5.633186367262350558e+00 1.497997627386519603e+01
2.832086237923097521e-02 -7.499999999999995559e-02 5.473082010145782661e+00 1.455422088169729911e+01
2.500000000000002220e-02 -8.396478523752282097e-02 5.349061465345104516e+00 1.422442088974552021e+01
2.271006535151170319e-02 -8.749999999999996669e-02 5.280140546082233044e+00 1.404114384758500300e+01
1.314036800927692421e-02 -9.999999999999997780e-02 5.001133973950443234e+00 1.329919931418980283e+01
1.250000000000006661e-02 -1.007250590551245495e-01 4.983193852497118215e+00 1.325149228371005705e+01
0.000000000000000000e+00 -1.042641914984322321e-01 4.660049860909744268e+00 1.239217590192781060e+01
0.000000000000000000e+00 -1.042641914984322460e-01 4.660049860909744268e+00 1.239217590192781060e+01
-7.815739075763101021e-03 -9.999999999999997780e-02 4.457809270954045999e+00 1.185437029039055723e+01
-1.249999999999995559e-02 -9.715623155270192157e-02 4.336614731720460192e+00 1.153208531633182687e+01
-1.888600037487114108e-02 -8.749999999999996669e-02 4.152814699709153956e+00 1.104331751438830267e+01
-2.499999999999996669e-02 -7.708056394894824415e-02 3.971417191749022635e+00 1.056093859272276170e+01
-2.576374227026586791e-02 -7.499999999999995559e-02 3.944345770474753543e+00 1.048894927407619271e+01
-2.971074851473440304e-02 -6.250000000000000000e-02 3.791198074551461517e+00 1.008169329109280632e+01
-3.303072359874077712e-02 -4.999999999999999584e-02 3.646549156331130970e+00 9.697037570207458046e+00
-3.570918683011386346e-02 -3.749999999999997780e-02 3.510757169747670492e+00 9.335934527527578908e+00
-3.749999999999997780e-02 -2.641956000067526011e-02 3.397184621121621895e+00 9.033918231090465767e+00
-3.766588405269161166e-02 -2.499999999999996669e-02 3.383154722410642190e+00 8.996609408673970520e+00
-3.863209364878504581e-02 -1.249999999999995559e-02 3.261913908917108973e+00 8.674201380402063677e+00
-3.910275143283554328e-02 0.000000000000000000e+00 3.141592653590118189e+00 8.354238675011234960e+00
-3.906944229382746520e-02 1.250000000000006661e-02 3.021102120970559302e+00 8.033825821221070029e+00
-3.852355950269141516e-02 2.500000000000002220e-02 2.899253101503758590e+00 7.709800429266307376e+00
-3.749999999999997780e-02 3.699096146052106848e-02 2.779936893076589755e+00 7.392510381538813569e+00
-3.743839568005856433e-02 3.749999999999997780e-02 2.774738303084769875e+00 7.378686099923067232e+00
-3.518074922152030631e-02 5.000000000000004441e-02 2.638867874147101222e+00 7.017374460451194729e+00
-3.214798251737068652e-02 6.250000000000000000e-02 2.491593713671552024e+00 6.625737598852150967e+00
-2.832086237932875117e-02 7.500000000000006661e-02 2.331489356557635340e+00 6.199982206691305286e+00
-2.499999999999996669e-02 8.396478523755604439e-02 2.207468811755079141e+00 5.870182214734532167e+00
-2.271006535142364169e-02 8.750000000000002220e-02 2.138547892490461955e+00 5.686905172569372446e+00
-1.314036800879206032e-02 1.000000000000000888e-01 1.859541320348429227e+00 4.944960639146933623e+00
-1.249999999999995559e-02 1.007250590545162999e-01 1.841601198908838777e+00 4.897253608703712402e+00
0.000000000000000000e+00 1.042641915000624697e-01 1.518457207320263791e+00 4.037937226918272948e+00
7.815739073653248797e-03 1.000000000000000888e-01 1.316216617415389312e+00 3.500131615516169692e+00
1.250000000000006661e-02 9.715623154996722022e-02 1.195022078121334985e+00 3.177846641296639074e+00
1.888600037577573346e-02 8.750000000000002220e-02 1.011222046100385352e+00 2.689078839327473602e+00
2.500000000000002220e-02 7.708056395297877006e-02 8.298245381842823676e-01 2.206699917779014086e+00
2.576374227144324902e-02 7.500000000000006661e-02 8.027531168637469516e-01 2.134710599009411514e+00
2.971074851473994721e-02 6.250000000000000000e-02 6.496054209617432296e-01 1.727454616082636507e+00
3.303072359816313502e-02 5.000000000000004441e-02 5.049565027482750823e-01 1.342798895215536525e+00
3.570918682955172285e-02 3.749999999999997780e-02 3.691645161635029870e-01 9.816958525321678453e-01
3.749999999999997780e-02 2.641955999771745250e-02 2.555919675046526285e-01 6.796795560078273679e-01
3.766588405238205373e-02 2.500000000000002220e-02 2.415620688225232626e-01 6.423707336680528623e-01
3.863209364876320218e-02 1.250000000000006661e-02 1.203212553273756702e-01 3.199627053918525643e-01
