1.497515047313413283e-01 -2.499999999999996669e-02 0.000000000000000000e+00 0.000000000000000000e+00
1.496220441682291624e-01 -3.749999999999997780e-02 6.251652637784551381e+00 1.662462451636794114e+01
1.493369431517009849e-01 -4.999999999999998890e-02 6.220018388663579145e+00 1.654050155817367695e+01
1.488953949150726430e-01 -6.250000000000000000e-02 6.188246849384163362e+00 1.645601351294304848e+01
1.482965871060914209e-01 -7.499999999999994171e-02 6.156302390384783330e+00 1.637106563323625252e+01
1.475397017386093912e-01 -8.749999999999996669e-02 6.124149672941534561e+00 1.628556394501956461e+01
1.466239151435515531e-01 -9.999999999999997780e-02 6.091753876692969527e+00 1.619941585270776940e+01
1.455483979196127986e-01 -1.124999999999999889e-01 6.059080948457230775e+00 1.611253080082780897e+01
1.443123148831478852e-01 -1.250000000000000000e-01 6.026097875820663141e+00 1.602482100155570066e+01
1.429148250178675084e-01 -1.374999999999999556e-01 5.992772988543634938e+00 1.593620223622596122e+01
1.413550814236991804e-01 -1.499999999999999667e-01 5.959076290201654302e+00 1.584659473724385848e+01
1.396322312653280051e-01 -1.624999999999999778e-01 5.924979821605458774e+00 1.575592415450547179e+01
1.377454157199720364e-01 -1.749999999999999889e-01 5.890458056399467068e+00 1.566412260738765205e+01
1.375000000000000666e-01 -1.764975508992840392e-01 5.886267862079091806e+00 1.565297988861184741e+01
1.355167666347620870e-01 -1.875000000000000278e-01 5.854930477345858364e+00 1.556964636311072425e+01
1.330813658711126335e-01 -1.999999999999999556e-01 5.818723963255452603e+00 1.547336466982507908e+01
1.304621543442217313e-01 -2.124999999999999667e-01 5.781883757277660685e+00 1.537539783977684138e+01
1.276580613011347731e-01 -2.249999999999999778e-01 5.744389571602640743e+00 1.527569192287627153e+01
1.250000000000000000e-01 -2.361144933127085621e-01 5.710455946514269243e+00 1.518545437958031208e+01
1.246316277244046283e-01 -2.374999999999999889e-01 5.706081728773922279e+00 1.517382229896108647e+01
1.211055452585205472e-01 -2.500000000000000000e-01 5.665769480741866815e+00 1.506662248704365403e+01
1.173690990969246811e-01 -2.624999999999999556e-01 5.624541505485120219e+00 1.495698753962654948e+01
1.134209179984091570e-01 -2.750000000000000222e-01 5.582398461574006099e+00 1.484491920800418363e+01
1.125000000000000444e-01 -2.777710059486775407e-01 5.572854495327970170e+00 1.481953954210939450e+01
1.088569318774252337e-01 -2.874999999999999778e-01 5.537407776342495147e+00 1.472527832389821256e+01
1.039350078636375047e-01 -2.999999999999999889e-01 5.490659566092534583e+00 1.460096376465340562e+01
1.000000000000000888e-01 -3.095242258770535271e-01 5.454134869365495852e+00 1.450383594840345935e+01
9.859162969990245551e-02 -3.125000000000000000e-01 5.441798527954700759e+00 1.447103069581782187e+01
9.240134164216459722e-02 -3.249999999999999556e-01 5.388473442677788050e+00 1.432922666872361361e+01
8.750000000000002220e-02 -3.344617368735072205e-01 5.346947817018788740e+00 1.421880019841467480e+01
8.565721839971855711e-02 -3.375000000000000222e-01 5.332109295427120088e+00 1.417934105630742359e+01
7.774646881688182520e-02 -3.499999999999999778e-01 5.269120705207087418e+00 1.401183948162068660e+01
7.500000000000006661e-02 -3.541643330787576094e-01 5.247501631112487352e+00 1.395434924503236118e+01
6.836505470645756755e-02 -3.624999999999999889e-01 5.197419485199551659e+00 1.382116896151111263e+01
6.250000000000000000e-02 -3.695770932684586674e-01 5.153487672352313531e+00 1.370434386977544960e+01
5.683348557717435301e-02 -3.750000000000000000e-01 5.112533153708906042e+00 1.359543610823729054e+01
5.000000000000004441e-02 -3.812909717296406598e-01 5.063376178978438169e+00 1.346471607393541348e+01
4.087524492784427171e-02 -3.875000000000000111e-01 4.999575009414503057e+00 1.329505365838549480e+01
3.749999999999997780e-02 -3.897125635750822714e-01 4.976047896314033991e+00 1.323248949432982435e+01
2.500000000000002220e-02 -3.950369514164672746e-01 4.890680218328620654e+00 1.300547662676195593e+01
1.250000000000006661e-02 -3.975032820488304530e-01 4.806517648049380753e+00 1.278166842590826491e+01
0.000000000000000000e+00 -3.971493708876585593e-01 4.722952538723648175e+00 1.255944901518587642e+01
-1.249999999999995559e-02 -3.940123696806444031e-01 4.639383707116524036e+00 1.233721970603597562e+01
-2.499999999999996669e-02 -3.881287798498520014e-01 4.555240928900372133e+00 1.211346413696404056e+01
-2.499999999999996669e-02 -3.881287798498520569e-01 4.555240928900372133e+00 1.211346413696404056e+01
-2.591083837115581642e-02 -3.875000000000000111e-01 4.549032095286105637e+00 1.209695337836911477e+01
-3.749999999999997780e-02 -3.792768237671276799e-01 4.469847008033709379e+00 1.188638148336161748e+01
-4.208313252928305714e-02 -3.750000000000000000e-01 4.437894528007896966e+00 1.180141227384646285e+01
-4.999999999999998890e-02 -3.674005947658254279e-01 4.382530941283714121e+00 1.165418738876470250e+01
-5.411844005365269022e-02 -3.624999999999999889e-01 4.352944792010548625e+00 1.157551081297755324e+01
-6.250000000000000000e-02 -3.522324980506078007e-01 4.292439907627516149e+00 1.141461400015804983e+01
-6.402721517370904558e-02 -3.499999999999999778e-01 4.281045954582356927e+00 1.138431478135819930e+01
-7.231732040197867695e-02 -3.375000000000000222e-01 4.218714816788094346e+00 1.121856152833120213e+01
-7.499999999999995559e-02 -3.333250586483331723e-01 4.198403365278755572e+00 1.116454856979215648e+01
-7.960156513856128657e-02 -3.249999999999999556e-01 4.162081288434778870e+00 1.106795956778391954e+01
-8.628971689302787629e-02 -3.125000000000000555e-01 4.108729134224133439e+00 1.092608355798602737e+01
-8.749999999999996669e-02 -3.101570031627349233e-01 4.098968556346235914e+00 1.090012787047676035e+01
-9.210153210687960224e-02 -2.999999999999999889e-01 4.059991817590731245e+00 1.079647949392325046e+01
-9.756709269867214207e-02 -2.874999999999999778e-01 4.012993292296375358e+00 1.067149928771035938e+01
-9.999999999999997780e-02 -2.817208550671308487e-01 3.991740350699798601e+00 1.061498268412046464e+01
-1.025188724312597888e-01 -2.750000000000000222e-01 3.968495049110801975e+00 1.055316792359599987e+01
-1.070207484180353830e-01 -2.624999999999999556e-01 3.926067672433155131e+00 1.044034348382828448e+01
-1.113432758406616013e-01 -2.500000000000000000e-01 3.884444749937859598e+00 1.032965827819546156e+01
-1.124999999999999889e-01 -2.465035669393588758e-01 3.873034269907960958e+00 1.029931511023023027e+01
-1.151829340048031863e-01 -2.374999999999999889e-01 3.844865931166288497e+00 1.022440882832968612e+01
-1.187406992784928866e-01 -2.249999999999999778e-01 3.806392087346683883e+00 1.012209776847704390e+01
-1.221324919426783756e-01 -2.124999999999999667e-01 3.768546306115329259e+00 1.002145687574778243e+01
-1.250000000000000000e-01 -2.013825422548363997e-01 3.735449269391424298e+00 9.933444018985101209e+00
-1.253242746274133568e-01 -1.999999999999999556e-01 3.731445752403216076e+00 9.922797719433589236e+00
-1.280978968132555906e-01 -1.875000000000000000e-01 3.695751826976275911e+00 9.827879120765508958e+00
-1.307171713581468664e-01 -1.749999999999999889e-01 3.660517612258375575e+00 9.734183001714697525e+00
-1.331812501907496116e-01 -1.624999999999999778e-01 3.625736101929911470e+00 9.641690730818501365e+00
-1.354892790149302972e-01 -1.499999999999999667e-01 3.591395442268492388e+00 9.550370786222572406e+00
-1.374999999999999556e-01 -1.383144393424988183e-01 3.559688319137307211e+00 9.466054038781370750e+00
-1.376284145909553447e-01 -1.374999999999999556e-01 3.557507048910672154e+00 9.460253524807296088e+00
-1.394513204404920492e-01 -1.250000000000000000e-01 3.524350765495452009e+00 9.372083117065054481e+00
-1.411285866732219785e-01 -1.124999999999999889e-01 3.491478334548828499e+00 9.284667540242233841e+00
-1.426594749462972156e-01 -9.999999999999997780e-02 3.458870588343063268e+00 9.197955822812589943e+00
-1.440432419179512036e-01 -8.749999999999996669e-02 3.426505762495118290e+00 9.111890088128648202e+00
-1.452791392043913388e-01 -7.499999999999995559e-02 3.394359757180204440e+00 9.026406249050378250e+00
-1.463664133376860743e-01 -6.250000000000000000e-02 3.362406386786032986e+00 8.941434671834953107e+00
-1.473043057218756113e-01 -4.999999999999998890e-02 3.330617616788312141e+00 8.856900806044775365e+00
-1.480920525898670181e-01 -3.749999999999997780e-02 3.298963787559715755e+00 8.772725779708519411e+00
-1.487288849586176076e-01 -2.499999999999996669e-02 3.267413825650194337e+00 8.688826961165494467e+00
-1.492140285852646131e-01 -1.249999999999995559e-02 3.235935443782694154e+00 8.605118490901624284e+00
-1.495467039213685956e-01 0.000000000000000000e+00 3.204495331423194759e+00 8.521511788320285774e+00
-1.497261260681034267e-01 1.250000000000006661e-02 3.173059338288507281e+00 8.437916039732995088e+00
-1.497515047294540602e-01 2.500000000000002220e-02 3.141592653594343698e+00 8.354238675022470417e+00
-1.496220441666662182e-01 3.749999999999997780e-02 3.110059984198387362e+00 8.270385841367223989e+00
-1.493369431503974443e-01 5.000000000000004441e-02 3.078425735076562031e+00 8.186262883170691396e+00
-1.488953949140949806e-01 6.250000000000000000e-02 3.046654195796733244e+00 8.101774837938963358e+00
-1.482965871053416040e-01 7.500000000000006661e-02 3.014709736796741257e+00 8.016826958230540257e+00
-1.475397017380837006e-01 8.750000000000002220e-02 2.982557019353063499e+00 7.931325270012711037e+00
-1.466239151431738275e-01 1.000000000000000888e-01 2.950161223104137864e+00 7.845177177699954818e+00
-1.455483979194198696e-01 1.125000000000000583e-01 2.917488294868186394e+00 7.758292125819430396e+00
-1.443123148830540159e-01 1.250000000000000000e-01 2.884505222231267929e+00 7.670582326546388607e+00
-1.429148250179139157e-01 1.375000000000000666e-01 2.851180334954248163e+00 7.581963561216671366e+00
-1.413550814237644060e-01 1.500000000000000222e-01 2.817483636611931352e+00 7.492356062233674230e+00
-1.396322312654497411e-01 1.625000000000000888e-01 2.783387168015712732e+00 7.401685479495228925e+00
-1.377454157200660168e-01 1.750000000000000444e-01 2.748865402809620662e+00 7.309883932377140070e+00
-1.374999999999999556e-01 1.764975508998693488e-01 2.744675208487617368e+00 7.298741213597005562e+00
-1.355167666348318090e-01 1.875000000000000000e-01 2.713337823756015066e+00 7.215407688100222039e+00
-1.330813658711580139e-01 2.000000000000000666e-01 2.677131309665575110e+00 7.119125994814484493e+00
-1.304621543442494869e-01 2.125000000000000222e-01 2.640291103687891550e+00 7.021159164766536342e+00
-1.276580613011280285e-01 2.250000000000000888e-01 2.602796918012739713e+00 6.921453247865613889e+00
-1.250000000000000000e-01 2.361144933128446477e-01 2.568863292924097763e+00 6.831215704568935010e+00
-1.246316277244456094e-01 2.375000000000000444e-01 2.564489075184192668e+00 6.819583623950885354e+00
-1.211055452585646786e-01 2.500000000000000000e-01 2.524176827152016855e+00 6.712383812033134056e+00
-1.173690990969542547e-01 2.625000000000000666e-01 2.482948851895226738e+00 6.602748864615912261e+00
-1.134209179983942106e-01 2.750000000000000222e-01 2.440805807983832842e+00 6.490680532992802121e+00
-1.124999999999999889e-01 2.777710059485941629e-01 2.431261841738079355e+00 6.465300867098767057e+00
-1.088569318774537387e-01 2.875000000000000888e-01 2.395815122752906312e+00 6.371039648888385365e+00
-1.039350078638542757e-01 3.000000000000000444e-01 2.349066912504067073e+00 6.246725089646560924e+00
-9.999999999999997780e-02 3.095242258781935041e-01 2.312542215774150645e+00 6.149597273388961227e+00
-9.859162970030685424e-02 3.125000000000000555e-01 2.300205874367283965e+00 6.116792020813771380e+00
-9.240134164172666975e-02 3.250000000000000666e-01 2.246880789084461316e+00 5.974987993703847700e+00
-8.749999999999996669e-02 3.344617368705166127e-01 2.205355163431955035e+00 5.864561523412174182e+00
-8.565721839853035480e-02 3.375000000000000222e-01 2.190516641829607369e+00 5.825102381276525243e+00
-7.774646881942486043e-02 3.500000000000000888e-01 2.127528051635354966e+00 5.657600806658344972e+00
-7.499999999999995559e-02 3.541643330851335647e-01 2.105908977518021974e+00 5.600110570009566580e+00
-6.836505470483250635e-02 3.625000000000000444e-01 2.055826831597626025e+00 5.466930286468478783e+00
-6.250000000000000000e-02 3.695770932577514545e-01 2.011895018768061316e+00 5.350105194779814610e+00
-5.683348557804039636e-02 3.750000000000000000e-01 1.970940500126172612e+00 5.241197433245694093e+00
-4.999999999999998890e-02 3.812909717459754821e-01 1.921783525383278235e+00 5.110477398910771463e+00
-4.087524491046144737e-02 3.875000000000000666e-01 1.857982355702597177e+00 4.940814983050398901e+00
-3.749999999999997780e-02 3.897125635527546872e-01 1.834455242727449420e+00 4.878250819327987209e+00
-2.499999999999996669e-02 3.950369514460769782e-01 1.749087564739092437e+00 4.651237951752289490e+00
-1.249999999999995559e-02 3.975032820119815402e-01 1.664924994451535412e+00 4.427429750876481052e+00
0.000000000000000000e+00 3.971493709326489596e-01 1.581359885149755895e+00 4.205210340217791831e+00
1.250000000000006661e-02 3.940123696283835408e-01 1.497791053498065850e+00 3.982981030949378276e+00
2.500000000000002220e-02 3.881287799094038093e-01 1.413648275351544026e+00 3.759225462062605327e+00
2.591083844329341440e-02 3.875000000000000666e-01 1.407439441241005396e+00 3.742714702147976080e+00
3.749999999999997780e-02 3.792768236992955511e-01 1.328254354385471681e+00 3.532142808195828820e+00
4.208313251498314866e-02 3.750000000000000000e-01 1.296301874504062646e+00 3.447173599064678129e+00
5.000000000000004441e-02 3.674005948403757937e-01 1.240938287769732806e+00 3.299948713955934476e+00
5.411844007092970338e-02 3.625000000000000444e-01 1.211352138320307192e+00 3.221272137700068150e+00
6.250000000000000000e-02 3.522324979710459436e-01 1.150847253944289328e+00 3.060375324899218707e+00
6.402721513437628631e-02 3.500000000000000888e-01 1.139453301215499925e+00 3.030076106940670311e+00
7.231732043591959647e-02 3.375000000000000222e-01 1.077122163007690814e+00 2.864322852813953713e+00
7.500000000000006661e-02 3.333250587334483095e-01 1.056810711799213376e+00 2.810309895074969422e+00
7.960156514766686398e-02 3.250000000000000666e-01 1.020488634798187855e+00 2.713720892649102101e+00
8.628971685539801872e-02 3.125000000000000000e-01 9.671364808382844069e-01 2.571844883517991676e+00
8.750000000000002220e-02 3.101570030755238516e-01 9.573759026340320499e-01 2.545889195140871308e+00
9.210153209924479278e-02 3.000000000000000444e-01 9.183991640381690136e-01 2.442240819011887165e+00
9.756709272254818210e-02 2.875000000000000888e-01 8.714006385777387509e-01 2.317260612357363581e+00
1.000000000000000888e-01 2.817208551521294124e-01 8.501476972389350184e-01 2.260744009452948511e+00
1.025188724483148128e-01 2.750000000000000222e-01 8.269023954336610638e-01 2.198929248353349575e+00
1.070207484124152952e-01 2.625000000000000666e-01 7.844750188787105172e-01 2.086104808911915409e+00
1.113432758173547726e-01 2.500000000000000000e-01 7.428520964678981819e-01 1.975419603503751897e+00
1.125000000000000444e-01 2.465035668566183391e-01 7.314416161828678487e-01 1.945076434860064873e+00
1.151829339924653750e-01 2.375000000000000444e-01 7.032732776379517770e-01 1.870170153482743292e+00
1.187406992799173444e-01 2.250000000000000888e-01 6.647994337430965794e-01 1.767859093429991146e+00
1.221324919547057408e-01 2.125000000000000222e-01 6.269536524584718995e-01 1.667218200559072550e+00
1.250000000000000000e-01 2.013825423288643224e-01 5.938566159312231862e-01 1.579205344319348114e+00
1.253242746436013799e-01 2.000000000000000666e-01 5.898530987337399223e-01 1.568559044211323306e+00
1.280978968204428969e-01 1.875000000000000000e-01 5.541591733512071238e-01 1.473640445661332343e+00
1.307171713584646122e-01 1.750000000000000444e-01 5.189249586711628393e-01 1.379944326711189495e+00
1.331812501859155340e-01 1.625000000000000888e-01 4.841434483700026714e-01 1.287452055887600810e+00
1.354892790064291253e-01 1.500000000000000222e-01 4.498027887229567034e-01 1.196132111329893943e+00
1.375000000000000666e-01 1.383144392793947686e-01 4.180956654236143155e-01 1.111815363441523097e+00
1.376284145813028992e-01 1.375000000000000666e-01 4.159143953648881675e-01 1.106014849913956155e+00
1.394513204346750357e-01 1.250000000000000000e-01 3.827581119333282600e-01 1.017844442128265081e+00
1.411285866702478298e-01 1.125000000000000444e-01 3.498856809722477590e-01 9.304288652669991944e-01
1.426594749454823674e-01 1.000000000000000888e-01 3.172779347550853668e-01 8.437171478070465414e-01
1.440432419185962432e-01 8.750000000000002220e-02 2.849131088994037997e-01 7.576514131025321452e-01
1.452791392060820141e-01 7.500000000000006661e-02 2.527671035798072507e-01 6.721675740118105979e-01
1.463664133400259248e-01 6.250000000000000000e-02 2.208137331834954531e-01 5.871959967906934530e-01
1.473043057246041510e-01 5.000000000000004441e-02 1.890249631854230838e-01 5.026621309995806808e-01
1.480920525926649467e-01 3.749999999999997780e-02 1.573711339578318102e-01 4.184871046659961458e-01
1.487288849614312736e-01 2.500000000000002220e-02 1.258211720496954233e-01 3.345882861266550878e-01
1.492140285878991446e-01 1.250000000000006661e-02 9.434279018395158589e-02 2.508798158674551138e-01
1.495467039238312368e-01 0.000000000000000000e+00 6.290267782619224368e-02 1.672731132907433471e-01
1.497261260702286434e-01 -1.249999999999995559e-02 3.146668469283273734e-02 8.367736470698569629e-02
