2.313094492712748987e-02 0.000000000000000000e+00 0.000000000000000000e+00 0.000000000000000000e+00
2.284007795127498963e-02 -1.249999999999995559e-02 6.078063561005301096e+00 1.616301006195054413e+01
2.132782239535093230e-02 -2.499999999999996669e-02 5.859322093727864278e+00 1.558132471083745685e+01
1.854408174836381235e-02 -3.749999999999997780e-02 5.613342594510189798e+00 1.492720698386994727e+01
1.443598183976108063e-02 -4.999999999999998890e-02 5.333367255345251579e+00 1.418268626956658274e+01
1.250000000000006661e-02 -5.444925192574558148e-02 5.221428337739788539e+00 1.388501418479462046e+01
1.000433154757804182e-04 -6.250000000000000000e-02 4.664295751529213163e+00 1.240346673034966152e+01
0.000000000000000000e+00 -6.255150325831222713e-02 4.660049860910870478e+00 1.239217590193080554e+01
0.000000000000000000e+00 -6.255150325831222713e-02 4.660049860910870478e+00 1.239217590193080554e+01
-6.711343553659464289e-05 -6.250000000000000000e-02 4.657202580378992707e+00 1.238460430886929409e+01
-1.249999999999995559e-02 -5.118792549617429133e-02 4.100477536126980738e+00 1.090414060498252091e+01
-1.299494387586205835e-02 -4.999999999999998890e-02 4.073048236096298069e+00 1.083119960199063314e+01
-1.713819985332435888e-02 -3.749999999999997780e-02 3.809482524868615716e+00 1.013031597354539493e+01
-2.023607729675187816e-02 -2.499999999999996669e-02 3.567384734687774284e+00 9.486520629947223782e+00
-2.224792221564274655e-02 -1.249999999999995559e-02 3.347597709541810573e+00 8.902054892913563222e+00
-2.313094492718256387e-02 0.000000000000000000e+00 3.141592653590691953e+00 8.354238675012759074e+00
-2.284007795122431836e-02 1.250000000000006661e-02 2.936470907415241971e+00 7.808771386939466375e+00
-2.132782239553877857e-02 2.500000000000002220e-02 2.717729440142828690e+00 7.227086035839737299e+00
-1.854408174832975972e-02 3.749999999999997780e-02 2.471749940919091504e+00 6.572968308856106390e+00
-1.443598183995235471e-02 5.000000000000004441e-02 2.191774601762171315e+00 5.828447594574064361e+00
-1.249999999999995559e-02 5.444925192597741687e-02 2.079835684147921082e+00 5.530775509778734111e+00
-1.000433160911719856e-04 6.250000000000000000e-02 1.522703097964688279e+00 4.049228055406486781e+00
0.000000000000000000e+00 6.255150325863594041e-02 1.518457207320219604e+00 4.037937226918155709e+00
6.711343594062205392e-05 6.250000000000000000e-02 1.515609926771196436e+00 4.030365633811049619e+00
1.250000000000006661e-02 5.118792549511529122e-02 9.588848825273051935e-01 2.549901929945872059e+00
1.299494387550765087e-02 5.000000000000004441e-02 9.314555825177371906e-01 2.476960927010131375e+00
1.713819985333816381e-02 3.749999999999997780e-02 6.678898712779801627e-01 1.776077298532783955e+00
2.023607729679239436e-02 2.500000000000002220e-02 4.257920810971371761e-01 1.132281954934608370e+00
2.224792221573626896e-02 1.250000000000006661e-02 2.060050559511234503e-01 5.478162179008165822e-01
