0.15036193840583278 -0.012499999999999956
0.15000000000000005 -0.02461047527388825
0.14998492823185547 -0.024999999999999967
0.14898328711663675 -0.03749999999999997
0.147452017607616 -0.04999999999999999
0.14538191757742636 -0.0625
0.1427635704770584 -0.07499999999999996
0.13958733905592005 -0.08749999999999997
0.13749999999999998 -0.0944870994022942
0.1351361179300479 -0.09999999999999998
0.1289476009124819 -0.11249999999999999
0.12500000000000003 -0.11951161783192343
0.11949182090519841 -0.125
0.11250000000000007 -0.13120088663337381
0.1 -0.13366266548137676
0.08750000000000005 -0.1277743223161965
0.08750000000000005 -0.1277743223161965
0.08503368141289004 -0.125
0.07500000000000004 -0.11271932393212893
0.07488641817049825 -0.11249999999999999
0.06903113988536827 -0.09999999999999998
0.06376034245197093 -0.08749999999999997
0.06250000000000003 -0.08411025963147137
0.06003044534797049 -0.07499999999999996
0.057102516982371614 -0.0625
0.054637631989177995 -0.04999999999999999
0.052643479352330706 -0.03749999999999998
0.05112791924140534 -0.024999999999999967
0.050098987800719245 -0.012499999999999956
0.05000000000000002 -0.010172629511319389
0.04966159052484617 0.0
0.04963806159428997 0.012500000000000067
0.050000000000000024 0.024610475272567787
0.050015071768191595 0.025000000000000022
0.0510167128834084 0.03749999999999998
0.05254798239233852 0.050000000000000044
0.05461808242256545 0.0625
0.057236429522921746 0.07500000000000007
0.0604126609441467 0.08750000000000002
0.06250000000000003 0.09448709940218868
0.0648638820699225 0.10000000000000009
0.07105239908743717 0.11250000000000004
0.07500000000000004 0.11951161783238001
0.08050817909487863 0.125
0.08750000000000005 0.1312008866319408
0.1 0.13366266548437372
0.11250000000000007 0.12777432231170885
0.11496631858539363 0.125
0.12500000000000003 0.11271932393805871
0.12511358183248908 0.11250000000000004
0.13096886011415035 0.10000000000000009
0.13623965754567258 0.08750000000000002
0.13749999999999998 0.08411025962435342
0.1399695546512803 0.07500000000000007
0.1428974830178769 0.0625
0.14536236801141322 0.050000000000000044
0.1473565206484253 0.03749999999999998
0.14887208075928224 0.025000000000000022
0.1499010121998336 0.012500000000000067
0.15000000000000005 0.010172629523569525
0.15033840947541152 0.0
