-0.2496380615941672 -0.012499999999999956
-0.24999999999999994 -0.02461047527388825
-0.2500150717681445 -0.024999999999999967
-0.25101671288336325 -0.03749999999999997
-0.252547982392384 -0.04999999999999999
-0.25461808242257367 -0.0625
-0.25723642952294157 -0.07499999999999996
-0.26041266094407994 -0.08749999999999997
-0.2625 -0.0944870994022942
-0.2648638820699521 -0.09999999999999998
-0.2710523990875181 -0.11249999999999999
-0.27499999999999997 -0.11951161783192343
-0.2805081790948016 -0.125
-0.2874999999999999 -0.13120088663337381
-0.3 -0.13366266548137676
-0.31249999999999994 -0.1277743223161965
-0.31249999999999994 -0.1277743223161965
-0.31496631858710994 -0.125
-0.32499999999999996 -0.11271932393212893
-0.32511358182950173 -0.11249999999999999
-0.3309688601146317 -0.09999999999999998
-0.3362396575480291 -0.08749999999999997
-0.33749999999999997 -0.08411025963147137
-0.3399695546520295 -0.07499999999999996
-0.3428974830176284 -0.0625
-0.345362368010822 -0.04999999999999999
-0.3473565206476693 -0.03749999999999998
-0.34887208075859466 -0.024999999999999967
-0.34990101219928077 -0.012499999999999956
-0.35 -0.010172629511319389
-0.3503384094751538 0.0
-0.35036193840571 0.012500000000000067
-0.35 0.024610475272567787
-0.3499849282318084 0.025000000000000022
-0.3489832871165916 0.03749999999999998
-0.3474520176076615 0.050000000000000044
-0.3453819175774345 0.0625
-0.3427635704770782 0.07500000000000007
-0.3395873390558533 0.08750000000000002
-0.33749999999999997 0.09448709940218868
-0.33513611793007747 0.10000000000000009
-0.3289476009125628 0.11250000000000004
-0.32499999999999996 0.11951161783238001
-0.31949182090512135 0.125
-0.31249999999999994 0.1312008866319408
-0.3 0.13366266548437372
-0.2874999999999999 0.12777432231170885
-0.28503368141460633 0.125
-0.27499999999999997 0.11271932393805871
-0.2748864181675109 0.11250000000000004
-0.26903113988584965 0.10000000000000009
-0.2637603424543274 0.08750000000000002
-0.2625 0.08411025962435342
-0.26003044534871966 0.07500000000000007
-0.2571025169821231 0.0625
-0.25463763198858674 0.050000000000000044
-0.25264347935157466 0.03749999999999998
-0.25112791924071776 0.025000000000000022
-0.25009898780016643 0.012500000000000067
-0.24999999999999994 0.010172629523569525
-0.24966159052458847 0.0
