0.07536193840583277 -0.012499999999999956
0.07500000000000004 -0.02461047527388825
0.07498492823185547 -0.024999999999999967
0.07398328711663674 -0.03749999999999997
0.07245201760761599 -0.04999999999999999
0.07038191757742635 -0.0625
0.06776357047705842 -0.07499999999999996
0.06458733905592004 -0.08749999999999997
0.06249999999999998 -0.0944870994022942
0.06013611793004789 -0.09999999999999998
0.05394760091248188 -0.11249999999999999
0.050000000000000024 -0.11951161783192343
0.044491820905198404 -0.125
0.03750000000000007 -0.13120088663337381
0.025 -0.13366266548137676
0.012500000000000046 -0.1277743223161965
0.012500000000000046 -0.1277743223161965
0.010033681412890037 -0.125
3.469446951953614e-17 -0.11271932393212893
-0.0001135818295017535 -0.11249999999999999
-0.005968860114631727 -0.09999999999999998
-0.01123965754802908 -0.08749999999999997
-0.012499999999999976 -0.08411025963147137
-0.014969554652029517 -0.07499999999999996
-0.01789748301762839 -0.0625
-0.02036236801082201 -0.04999999999999999
-0.022356520647669298 -0.03749999999999998
-0.023872080758594663 -0.024999999999999967
-0.02490101219928076 -0.012499999999999956
-0.024999999999999988 -0.010172629511319389
-0.025338409475153832 0.0
-0.025361938405710036 0.012500000000000067
-0.02499999999999998 0.024610475272567787
-0.02498492823180841 0.025000000000000022
-0.023983287116591603 0.03749999999999998
-0.02245201760766148 0.050000000000000044
-0.02038191757743455 0.0625
-0.017763570477078258 0.07500000000000007
-0.014587339055853306 0.08750000000000002
-0.012499999999999976 0.09448709940218868
-0.010136117930077501 0.10000000000000009
-0.003947600912562833 0.11250000000000004
3.469446951953614e-17 0.11951161783238001
0.005508179094878628 0.125
0.012500000000000046 0.1312008866319408
0.025 0.13366266548437372
0.03750000000000007 0.12777432231170885
0.03996631858539364 0.125
0.050000000000000024 0.11271932393805871
0.05011358183248907 0.11250000000000004
0.05596886011415034 0.10000000000000009
0.061239657545672586 0.08750000000000002
0.06249999999999998 0.08411025962435342
0.06496955465128032 0.07500000000000007
0.06789748301787688 0.0625
0.07036236801141324 0.050000000000000044
0.07235652064842532 0.03749999999999998
0.07387208075928223 0.025000000000000022
0.07490101219983358 0.012500000000000067
0.07500000000000004 0.010172629523569525
0.07533840947541152 0.0
