0.24043397534148211 0.32549315459766776
0.225462967222666 0.317416398316525
0.2087640289635966 0.3075001937160704
0.20813699328238863 0.3070989373287683
0.19165282068083195 0.29575606928260556
0.183007422340202 0.2890639708096464
0.18086915979952733 0.28736981420419566
0.1727459381783722 0.28033685865874003
0.16609134272479092 0.27406458376365345
0.16455906983166796 0.27248837973500445
0.16040975455732262 0.26829734679989664
0.1553950933614067 0.26288902733216574
0.1509034902478941 0.2577558476187112
0.14685736100670593 0.2528381366913002
0.14640221522760682 0.2522484805005452
0.1430506393400667 0.24809405064044995
0.13953855309553642 0.24349460413187607
0.1373143314497485 0.2403978570395267
0.13626690818766313 0.2390142660097476
0.13311312882277537 0.2346476254203802
0.13046206388934448 0.23070956543553317
0.13020984938564473 0.23035603099013888
0.1273233419755444 0.22616923239024478
0.12479564554544254 0.22219124302675405
0.1246820439511561 0.22202297569137142
0.12201784524552095 0.21797562178291383
0.11987327023303154 0.21442008438971136
0.11957018392144377 0.21394715781234083
0.11710931179597348 0.21000289965505373
0.11549208140946825 0.2071880082939683
0.1148122943790991 0.2060719903082342
0.11255114542462814 0.20219509106399502
0.11155681455175344 0.20037953354809987
0.11037966844857312 0.19834396982350044
0.10832473064963392 0.1944980677863883
0.10802535254944078 0.1939233477801968
0.10626726293164723 0.1907085697947497
0.10479389879050162 0.18772900304365078
0.10436184728539628 0.18689358077973958
0.10248955199337997 0.18310796619992808
0.10186944726202048 0.18177060749109764
0.10069400942560129 0.179324784970856
0.09926963090942069 0.17602940389762584
0.09903629990211042 0.17550464990936795
0.09741194546908281 0.17170257495090785
0.09691759886610096 0.1704504532498986
0.0958873879278147 0.16787743831693983
0.09487430859616591 0.1650408776357692
0.09450335534305174 0.16400174992341027
0.09323707021354713 0.16008657126685336
0.09314369371280737 0.1597851429311022
0.09204914671767192 0.15615438819027136
0.09165014479228709 0.1546416196198465
0.09103179131717562 0.15214981206620953
0.09049610777924873 0.1496366073628086
0.09019893238435045 0.14806629849369485
0.0896794801901115 0.14475852307496756
0.08957273900412324 0.14389505117445348
0.08920584369884077 0.1400005893100307
0.08918711239751693 0.13962398491336153
0.08908906845366639 0.13536045525750598
0.08909335400314579 0.13523637564028781
0.08935235990940311 0.13084013962393878
0.0893696984789795 0.13070908423977254
0.09002986164700416 0.12644630648653465
0.09013808876084776 0.1260102737926937
0.09116899475068826 0.12219092794716677
0.09159542172266563 0.12109678164115148
0.09283381499171742 0.11809244496147507
0.09407608045638337 0.11591235661957949
0.09510982610825945 0.11417762385638243
0.09810344996597331 0.11048203155493258
0.09819733062631639 0.11038964675626001
0.10178354578471221 0.10699934785646367
0.10565596880292971 0.10438290369944621
0.10649025762385725 0.1038470815135542
0.11224687265862816 0.10104514548932002
0.11947992847551725 0.09875633187152347
0.12501545369194217 0.09768472543593901
0.12848745271992454 0.0971163574213543
0.13984848612921122 0.0963845660037959
0.15454077081116907 0.09701867837024726
0.1730771425464234 0.09963242503838829
0.1741258963136202 0.09981324647952801
0.20164966953791905 0.10644464021383111
0.225975092257925 0.1143854703444527
0.24428100525838362 0.12131173583468077
0.267346970790861 0.1313475385264837
0.3033692646524752 0.1494802633410438
0.33507921567426974 0.16804505815913526
0.3406150833610359 0.1716063467380874
0.362081153265193 0.18606560891362808
0.362081153265193 0.18606560891362808
0.3853112756642534 0.20338647472314628
0.39505369644939053 0.21131853715170937
0.405089039548981 0.21973183425742468
0.4218846387016007 0.23502355045427337
0.43624234736008394 0.24932846105750314
0.4484814147019321 0.2626509198285474
0.458817652690583 0.2749794518951697
0.460997552018387 0.2778286329617898
0.46772390594334295 0.28650935168177794
0.4753791030326438 0.2972783211767083
0.48169072574148075 0.30716841539268297
0.4821150650585182 0.30791609306853845
0.4873858209921033 0.3166153377879709
0.49200144862801537 0.3252909663869194
0.4934455519202678 0.32850353409251326
0.4959475182085036 0.3334466385408851
0.4991413813606399 0.3410220989583008
0.5001193467666233 0.3440943110835584
0.5016878462556559 0.3480839642531953
0.5034997395257734 0.3545827054176367
0.5037632048130548 0.3563078714935754
0.5048409445625577 0.3606895475572049
0.5051359943818 0.3660097974167621
0.5051451006368107 0.366069801171649
0.5053412319603565 0.37129759632637593
0.5047715676104599 0.37382810510080755
0.5045443665297531 0.37585305696543436
0.5028991601032713 0.3798398714416582
0.5027969786340377 0.38000011254316163
0.5009536616999667 0.38359019624793483
0.49961720534975984 0.3849570568284446
0.49806131805645215 0.3867392966710546
0.4951595779569128 0.38871031374027026
0.49427552823725907 0.3893320124269594
0.4896598499750481 0.3914161007134108
0.4895859410687059 0.3914422810350543
0.4844933221070161 0.39315799824984965
0.48321780736225467 0.39343898810920086
0.4783826214755941 0.3943433540545237
0.47593700570180486 0.3946314093640117
0.4713343428701148 0.39498362282979727
0.4678461586125249 0.3951144711237765
0.46334081631574914 0.39508072995768595
0.4590364370147759 0.39496661285823914
0.4543798225126722 0.3946272311564843
0.44958748838718204 0.3942518665078025
0.44441501717833176 0.39360677760465645
0.43956774751342004 0.3930215948274062
0.43339742804026116 0.3919951152233417
0.4290351127728109 0.3913160261323779
0.421268501674127 0.38976193378418
0.41803798091989186 0.38916570602961154
0.40796529239795976 0.38687398512720245
0.40661663839289613 0.38659296812461696
0.39492543415618214 0.38370652042257514
0.39335716513051316 0.3832603534459063
0.3830385853534509 0.3805538600421611
0.37723988373835177 0.37880993771298593
0.3708469467960983 0.3770390871502406
0.35958689043950426 0.3735133044832019
0.3583682609477475 0.3731623510515402
0.34587169082962677 0.3691235750658966
0.33941509200147063 0.3668361795387206
0.33319576715396515 0.364782483240595
0.320373963862049 0.3601516806655466
0.31616664016715423 0.358504264841058
0.3075098105552637 0.3553022443918692
0.29450202293765826 0.35013725515347444
0.2861542133085437 0.3466045636070497
0.2813990635542766 0.3446827099469618
0.26808190856590286 0.3388225725858671
0.25449257189618596 0.33248971446571035
