0.35036193840583274 -0.012499999999999956
0.35000000000000003 -0.02461047527388825
0.34998492823185545 -0.024999999999999967
0.34898328711663673 -0.03749999999999997
0.34745201760761596 -0.04999999999999999
0.3453819175774263 -0.0625
0.3427635704770584 -0.07499999999999996
0.33958733905592003 -0.08749999999999997
0.33749999999999997 -0.0944870994022942
0.3351361179300479 -0.09999999999999998
0.3289476009124819 -0.11249999999999999
0.325 -0.11951161783192343
0.3194918209051984 -0.125
0.31250000000000006 -0.13120088663337381
0.3 -0.13366266548137676
0.28750000000000003 -0.1277743223161965
0.28750000000000003 -0.1277743223161965
0.28503368141289004 -0.125
0.275 -0.11271932393212893
0.27488641817049825 -0.11249999999999999
0.26903113988536825 -0.09999999999999998
0.2637603424519709 -0.08749999999999997
0.2625 -0.08411025963147137
0.2600304453479705 -0.07499999999999996
0.2571025169823716 -0.0625
0.254637631989178 -0.04999999999999999
0.25264347935233067 -0.03749999999999998
0.2511279192414053 -0.024999999999999967
0.2500989878007192 -0.012499999999999956
0.25 -0.010172629511319389
0.24966159052484616 0.0
0.24963806159428995 0.012500000000000067
0.25 0.024610475272567787
0.2500150717681916 0.025000000000000022
0.2510167128834084 0.03749999999999998
0.2525479823923385 0.050000000000000044
0.25461808242256545 0.0625
0.25723642952292175 0.07500000000000007
0.26041266094414667 0.08750000000000002
0.2625 0.09448709940218868
0.2648638820699225 0.10000000000000009
0.27105239908743717 0.11250000000000004
0.275 0.11951161783238001
0.28050817909487863 0.125
0.28750000000000003 0.1312008866319408
0.3 0.13366266548437372
0.31250000000000006 0.12777432231170885
0.31496631858539365 0.125
0.325 0.11271932393805871
0.32511358183248906 0.11250000000000004
0.33096886011415033 0.10000000000000009
0.3362396575456726 0.08750000000000002
0.33749999999999997 0.08411025962435342
0.3399695546512803 0.07500000000000007
0.34289748301787687 0.0625
0.34536236801141323 0.050000000000000044
0.3473565206484253 0.03749999999999998
0.3488720807592822 0.025000000000000022
0.34990101219983355 0.012500000000000067
0.35000000000000003 0.010172629523569525
0.3503384094754115 0.0
