0.5167195027765304 0.6919207399021469
0.4802451470750533 0.6866519145055651
0.43583417520935125 0.6764668673755484
0.4340854381350596 0.6759782154344562
0.3857375696596306 0.6599950852043805
0.3584554587337715 0.6488990797568146
0.35148872291776034 0.6458640267995174
0.3243213740841086 0.6329707738461388
0.30125974573721 0.6208657604243109
0.29586050387635143 0.6178382196350456
0.2811010699092939 0.6093910498058448
0.2630646419864926 0.5984100519412987
0.24682471865087605 0.5879091920658782
0.23221657022296394 0.5779133630594425
0.2305755072066958 0.5767458725627229
0.2186030957271271 0.5681870271898566
0.20621184122530986 0.5588977981126008
0.198461530484866 0.552824346348829
0.19487294858807844 0.5500095603045887
0.18421203433035643 0.5413639616019457
0.17542755268600227 0.5338892241996172
0.17461029744090242 0.5331950858449734
0.16538753417907043 0.5251628316335419
0.15748754552411132 0.5179288575232951
0.15714168497379835 0.5176132978324735
0.1491554461882457 0.5101709041851128
0.14285403328081464 0.5040013050466725
0.14198871040465974 0.5031579537224774
0.13507797319933168 0.4962744698581559
0.1306077166183776 0.4916184588673291
0.12878440137798794 0.4897285374467275
0.12280871142568567 0.4833616098397575
0.12021291534947082 0.4804974626863249
0.11723176004298075 0.4772228364959774
0.11206579816802914 0.47132098120954363
0.11132252132132735 0.4704552132564827
0.10708482957952929 0.46553693146249403
0.1035274612995266 0.4612171842419598
0.10251327425098304 0.4599898129010289
0.09814049334832664 0.45456861441740054
0.09669069223426728 0.45271536414163316
0.09401140045668499 0.4492958071742025
0.09070910732622219 0.4448993170425419
0.09017997472348269 0.4441950274696566
0.086490906801879 0.43918759159818155
0.08534976921631596 0.4375896495262659
0.08300858014562437 0.43430207074604427
0.0806220866385138 0.43081740737793955
0.0797549961626116 0.4295441170082173
0.07668198586432429 0.4248872955779585
0.07645202120243165 0.4245333372662852
0.07373304340850972 0.4203036251065795
0.0726740884323159 0.4185962798450769
0.07097943558499113 0.4158197053968269
0.06937279909087549 0.41309655971076614
0.06841030008320222 0.41142614102869945
0.06649338041996004 0.40799148204579616
0.06602181706381643 0.40711706082034205
0.06399856886213422 0.40325216876064135
0.0638184424105976 0.4028905165422713
0.0618659623750396 0.3988618780306504
0.06181535502073146 0.3987494998780704
0.06008661814688433 0.39481516858974314
0.06004299596082367 0.3947040707156098
0.05866474823806757 0.3911178507877526
0.05855551669152179 0.3907756615274479
0.057618527819300124 0.38778776467353915
0.05744714658921849 0.3870060066147963
0.05698221530098601 0.3848565473056399
0.05688612604037304 0.3834768154578898
0.05681004089169099 0.38237272646507287
0.05717522326005133 0.38039958909318905
0.05719727753721141 0.380359484022813
0.058012873162199996 0.37886486312281703
0.05934661405383311 0.37818308187067634
0.05962955943849525 0.37804327218868644
0.06201849595203996 0.3779026625436152
0.06558667248620868 0.37877989979378196
0.06868115919912023 0.3800512883498349
0.07064609831204252 0.3808905520614099
0.07787419573093017 0.3847212865743557
0.08858816448533167 0.3911840421615053
0.10443204576690979 0.4013302724843899
0.10538783688238283 0.40193813984344484
0.13479619503186752 0.4207519439672422
0.16815553096743163 0.4409670864177908
0.19860878786736527 0.4579322665122388
0.24567383126181935 0.481421535944484
0.33936638353219456 0.5177526438177863
0.43870061357703966 0.5414730105112524
0.4570037336161767 0.5443936625174863
0.5257794392697115 0.5521254702083568
0.5257794392697115 0.5521254702083568
0.5928129169398771 0.5564449916592497
0.6177122566260731 0.557670297832254
0.640673154116434 0.5586376982369307
0.6747373600193106 0.560216339218152
0.6998020228971685 0.5616488747851777
0.7188517403667128 0.5631045832435704
0.7337136000876375 0.5646593255445885
0.7368268504114893 0.5650886310691976
0.7457555044217639 0.5663110750072842
0.7556952567815084 0.56807470679773
0.7638756850259258 0.5699928228708144
0.7644577810035451 0.570162013541044
0.7710002839073027 0.5719830603908032
0.7769787185669187 0.5741278167832022
0.779050666132998 0.5750592019947973
0.7821703840914153 0.5763795528859902
0.7866310503626825 0.5787586502191436
0.7883188453664509 0.5798968257267006
0.7904882367029432 0.5812555178227146
0.793764480720801 0.5838863970140767
0.7945702960416419 0.5847044254048362
0.7966201263846352 0.5866149365029697
0.7988335870050609 0.5894936182459632
0.7988587471361471 0.5895236980247016
0.8008863361553903 0.5924786977597996
0.8017008323103697 0.5942703190930824
0.8023680355973128 0.5956065661527895
0.8033781885895521 0.5988852166343123
0.8034091016503911 0.5990366600206886
0.8041362446422894 0.6022357521088512
0.8042436757228532 0.6037949217330391
0.8043904440128485 0.6057491273532812
0.8042161011008618 0.6085447863042142
0.8041521834214934 0.6094169194891972
0.8034273027455285 0.6132298714985044
0.8034127612840982 0.6132864534598619
0.8023026042020276 0.6171489696629402
0.8019677077926942 0.6180204957738462
0.8005806133465009 0.6212306651080229
0.7997983969603247 0.622745252168634
0.7982076075647362 0.6254758854869807
0.7969065785862844 0.627459614090906
0.7951057089947016 0.6298885840893707
0.7932760063036121 0.6321619891255631
0.791167219888494 0.6344759047081677
0.7888736607717748 0.6368501860818054
0.7862467274748188 0.6392482486128005
0.7836502076943535 0.6415212367953788
0.7801504163602294 0.644219135690584
0.7775399909857622 0.6461711309228794
0.7726220356514083 0.6494046493616076
0.770460847290263 0.6507944255647604
0.7633253179924265 0.6548220536579593
0.7623140723625927 0.6553836702685101
0.7530723327045644 0.6599302837096629
0.7517682902506871 0.6604976423413499
0.7426641047387232 0.6644218414492234
0.7372318353268037 0.6664636524016957
0.7308704102214312 0.6688375713165361
0.718925113124461 0.6727076658917978
0.717551472894623 0.6731500430517835
0.7028237375106222 0.6773291533760109
0.6947089356567128 0.6793128424305287
0.6864226421675163 0.6813181153799123
0.6682693167347646 0.685042530149598
0.6620039453615687 0.6861248497595175
0.6484015698708503 0.6884041457737591
0.6266132538364342 0.6912486098673662
0.6117616640621613 0.6926415284631833
0.602887020916213 0.69337770939555
0.5769234229071979 0.6944944662999872
0.5484316193901618 0.6942040687489315
