0.44451069938390975 0.47506271297215713
0.41457544164078236 0.4592469830354144
0.3795162404879099 0.43886871635083213
0.3781746399132682 0.4380380547891949
0.3423877369163925 0.41437870226509077
0.32342623789249403 0.4004611067673242
0.3187051887140052 0.3968817041488966
0.30103849489305246 0.38253067911342026
0.28682071698645767 0.3700217418049986
0.28363667496477096 0.36700767820464386
0.27496955693823427 0.3588068621500629
0.2647814909214797 0.3485253875794133
0.25593186763426484 0.3390117841153033
0.24824844495805795 0.3301738394486842
0.24741582460532022 0.3291517157184601
0.24118528420729768 0.32173361892680724
0.23490742839386763 0.3137698418667006
0.23110681974076794 0.3085925276555563
0.2292727492039712 0.3062048658711354
0.22393969129223665 0.2988773432039639
0.21970291545143442 0.2925349975009817
0.2192861200844095 0.29194681133695827
0.2146458488728667 0.2851234694461608
0.2108523397339763 0.27893973877599415
0.21067453843448214 0.2786696850941953
0.20659601252329826 0.27227453464297674
0.20355840597083305 0.2669271700474971
0.20310748155120906 0.2661941737089817
0.19953390235409327 0.26017983668595346
0.19736292592422497 0.25607678233639614
0.19639928518742789 0.2544050280916995
0.19332297655645514 0.24873783870452656
0.19205603170353608 0.24617083242885218
0.19046695839378086 0.24322352706696018
0.18791640344691327 0.23787598173639266
0.1875554946499531 0.2370878556853386
0.18530724530172396 0.23259146488504034
0.18363949905682905 0.22861962391675392
0.1831193090708518 0.22748656681664162
0.18098665108433823 0.22246279998659957
0.18034271081037948 0.22073922162064946
0.17904787140168646 0.2175474187657078
0.17773019210474844 0.2134339369180924
0.17750161262473538 0.21277293764240895
0.17601965001375622 0.20806452830059816
0.1756406898246658 0.20656051572551748
0.17481807865733642 0.2034591775766462
0.17424583692396792 0.20017504324184673
0.17403544087108444 0.19897348447751134
0.17360557528323387 0.19458770930618358
0.17358381403516193 0.19425459348974883
0.17340504368728332 0.19027616304527784
0.17349197621000828 0.1886780852932187
0.17374729158469254 0.18608662752250466
0.17426069803533115 0.1835635201336291
0.17469289434221522 0.18202570521095535
0.17592481431190318 0.17889616626610094
0.1763343685505157 0.17810900466497986
0.17854471144337444 0.17467926958540078
0.178810950821298 0.17436516883739767
0.18221095227681716 0.17093536037190735
0.18233296866420787 0.1708432502803989
0.18705075966735285 0.16770916920241588
0.18722355532850518 0.16762656865192377
0.19323683594774912 0.16507264234567592
0.19399330262030412 0.16485990641470413
0.2009989901880108 0.16313280523435109
0.20348094181608897 0.162806081782509
0.21063877379773022 0.16204353820136544
0.2171340161487194 0.16197239168512403
0.22254636784046264 0.16202259927209584
0.23719163554631706 0.1633630256452919
0.23763278896372747 0.16342695123151751
0.25455486080112644 0.16617099999823887
0.2720106301538332 0.1702532693452019
0.27576190216590124 0.17119679051169828
0.3006565057043667 0.17865634048903317
0.33003258375145766 0.18940176942476847
0.3509721595866499 0.1982190556201107
0.36352696640844523 0.20378364658998419
0.40068460627657365 0.22214137938577597
0.4408598400516799 0.24466741636064415
0.4811262494427558 0.2699216725771556
0.4831268744457027 0.2712240556062221
0.5271229116644931 0.3019229982650834
0.5562163366074845 0.32402561157116827
0.574169978647973 0.33822541855656146
0.5933638090633989 0.3541595552777164
0.6183209483139768 0.37573817278981314
0.6371328392433775 0.3927260776735447
0.6402115827963039 0.39563192126756913
0.6518227322654677 0.40657105090724593
0.6518227322654677 0.40657105090724593
0.6640000580489094 0.41840901087250576
0.6690719341564242 0.42353098887526797
0.6743250190333905 0.42874875747045454
0.6832608708837435 0.43794989330550066
0.6911647956219475 0.4462806792363332
0.6982049004064552 0.4538925926640872
0.7044619441246976 0.4608852855312378
0.7058440558427146 0.46252404017816173
0.7101373629111561 0.4673957998826283
0.715277025009155 0.47348476750167984
0.7197900703503095 0.4791607029398601
0.7201136624655096 0.4796020509390497
0.7240144396800051 0.48457445714797187
0.7276816963067108 0.48966551341136544
0.7289431710972518 0.49162190363272923
0.7309783311863133 0.4945205148257216
0.7338451372974818 0.49914463058389985
0.7348823768697104 0.5011169291613727
0.7363227450501244 0.5035701288499934
0.7383597051359251 0.5078018007006094
0.7388101251889665 0.5089955141774295
0.7400803509816709 0.5118865338103793
0.7411872786602853 0.5157279768327158
0.7412015400715607 0.5157693438646234
0.7421745667143 0.5195680174597908
0.7423488490890529 0.5216218861178717
0.7425593480130093 0.5231888979011212
0.7424176403388848 0.5266543969139407
0.7423944534648681 0.526804906313767
0.7420102748619589 0.5300266577923529
0.741551837884972 0.5314471971733704
0.7410009014652476 0.5332338183345694
0.7397806412944645 0.5355575761122492
0.7393922103237498 0.536276476454142
0.737186377208353 0.5391520562541566
0.7371493669441795 0.5391924625833608
0.7344972605254844 0.5418811561583043
0.73380237768098 0.5424377829452735
0.7310729787178645 0.5443984276667148
0.7296406308934517 0.5452488234611598
0.7268571263068043 0.546677803153377
0.7246745594265483 0.5476327565074621
0.7217718191796589 0.5486834451443511
0.7189030322456292 0.5495869098028251
0.7157136593671135 0.5503675488052734
0.7123144904534573 0.5510999870498385
0.7085487281593232 0.5516673352576992
0.7048878476570403 0.5521528860359504
0.7001066026034967 0.5525011159821549
0.6965932495909403 0.552719248052783
0.6901735638291601 0.5527633615111566
0.6873927907125825 0.5527658468085574
0.678485514126592 0.5523188656551764
0.6772412926174564 0.5522529115756002
0.6661802718658094 0.5511846484678257
0.6646601126308311 0.5509754981124432
0.6542055093194735 0.5495403903495203
0.648149835218137 0.5484570297931944
0.6411645957040254 0.5472160954021491
0.6284380398745236 0.5444619911327546
0.6269958774041685 0.5441526445572626
0.6118805880579435 0.5404274434023356
0.6037789849212186 0.5381638686334733
0.5956141230895456 0.5358975054293902
0.5781641273415509 0.5305123993016037
0.5722640770417093 0.5285267475987523
0.5595854156386083 0.524270773948981
0.5397024784479256 0.5170260023609308
0.5263994273948097 0.5118175992231008
0.5185040571382 0.5087213410512246
0.4957488988426817 0.49913982889277814
0.4712379356359702 0.4880645672907249
