0.2592728930091836 0.33547990794522886
0.17563081946270517 0.2779910684089601
0.14654179549411403 0.24562512793668007
0.13058543557202898 0.22342063940042636
0.11669867769991084 0.20131806177574493
0.10661631939233844 0.18247913018145007
0.09911544161319315 0.16459690895012158
0.09448620576059198 0.14533199680406303
0.09554658929148421 0.12712059658402208
0.10531192033469744 0.1113778550339125
0.15428002531863153 0.09935989146550575
0.35018224285850463 0.16988516562955672
0.4746188944803879 0.26493350778864305
0.5318324187478773 0.33690955993567384
0.5509045066400492 0.38090128283418867
0.5485742765125221 0.40421974428239676
0.5338302966104186 0.4146307311186334
0.501117775620098 0.416905963744934
0.4570156101733122 0.4096164229060862
0.39302612158611483 0.39131357003593603
0.3203572915396989 0.36406920420467603
