0.2412098957596789 0.3481432790290496
0.1827949004364853 0.30780574900156
0.16027988229108026 0.28500574247638005
0.1434402294063074 0.26297491361790065
0.13152219302886264 0.24407088332981886
0.12364177144316377 0.23022334303022549
0.11696386811874174 0.21732986518605668
0.11069570360572792 0.2042397604580461
0.10502456231175611 0.19125182961699452
0.10049204692110084 0.1792955159576375
0.09709706757683814 0.16818509062634218
0.09457417614652384 0.15616602434689328
0.09396724655078112 0.14341953133268276
0.09544801559368571 0.13426667488232374
0.10109125941664138 0.12309120348205463
0.11322424229623455 0.11407960215678932
0.1469002943412392 0.10999472213342243
0.22411840337894806 0.1329793851588073
0.31144478028636885 0.18607871113374247
0.3589729842658034 0.22790816429928995
0.40663352681570986 0.28213149200560006
0.4376633814434309 0.32293144572878013
0.45952508906670114 0.35439163454327
0.475164936559305 0.3806768932348036
0.48123970306549846 0.39773340663270695
0.4799876561323753 0.40903516242788934
0.47281144484583076 0.4155300878526046
0.45728545424623784 0.41878967235052583
0.4365274083210423 0.4178431228942504
0.407246681217675 0.41248489969567587
0.3778343820954751 0.4047175798022925
0.34080691956575954 0.3925906520771244
0.29601878589547687 0.37499902052225287
