0.2412098957596789 0.3481432790290496
0.22593945238190175 0.339210039283262
0.20891807101206814 0.3282057484688078
0.208279173734449 0.3277607934145827
0.19152810448726038 0.31519609716559827
0.1827949004364853 0.30780574900156
0.1806464880442442 0.30593261139007555
0.17250630501472422 0.29819535359759336
0.1658879215792311 0.2913157015968815
0.16436875106911392 0.2895956368583474
0.16027988229108026 0.28500574247638005
0.1553679252094159 0.279097586352128
0.1510001078211539 0.2734983449055916
0.14709152313036133 0.2681448192607131
0.14665308238607924 0.26750525487494164
0.1434402294063074 0.26297491361790065
0.14009127980077038 0.2579690423247421
0.13797950225110855 0.2546084832221262
0.13698855774440272 0.25309806358493636
0.1340132076839613 0.24834287384603912
0.13152219302886264 0.24407088332981886
0.13128572595961982 0.2436850011586989
0.1285844087850188 0.23912388094648296
0.1262269690533433 0.23481303358324956
0.12612111387005912 0.2346295789324426
0.12364177144316377 0.23022334303022549
0.12165190400920048 0.22637678338241232
0.1213706006511786 0.22586222812359
0.1190888855227088 0.2215785545381909
0.11759332118503962 0.21854052805274565
0.11696386811874174 0.21732986518605668
0.11487282491548674 0.21313841465642322
0.11395522720981692 0.21118509751258566
0.1128667016057339 0.2089854461993733
0.11097156223466391 0.20485565983497395
0.11069570360572792 0.2042397604580461
0.10907161584284598 0.20078235876987105
0.1077161966614494 0.19760282511569274
0.10731766985355272 0.19670865750874816
0.10559372016384343 0.1926712750545543
0.10502456231175611 0.19125182961699452
0.10394283395927978 0.1886505402156697
0.10264033096751628 0.18517148498954833
0.10242646992834395 0.1846167160566246
0.10094135204918292 0.18060878099144712
0.10049204692110084 0.1792955159576375
0.09955439702065416 0.17659581344717648
0.09864186005964118 0.17363893288170962
0.09830776572489264 0.1725561427390141
0.0971797805508411 0.16849692013584372
0.09709706757683814 0.16818509062634218
0.09613139521070109 0.16443442869045516
0.09578635831357105 0.16288018815921076
0.09525757622185126 0.16032600489083534
0.09481341192296869 0.15776248148030725
0.09457417614652384 0.15616602434689328
0.0941791621860834 0.15281774617325924
0.09410555069519172 0.15194755797030624
0.09389175401836056 0.14803767195333284
0.09388823424265996 0.1476617243987201
0.09396724655078112 0.14341953133268276
0.09397686907808397 0.1432969580294
0.09443071438413907 0.13896620143325672
0.09445412011974492 0.13883825655879736
0.09531784742008707 0.13468656817812552
0.09544801559368571 0.13426667488232374
0.09667720477778535 0.1305963851099834
0.09716401440623162 0.1295599521534828
0.09857335621683881 0.12671971899046144
0.09994859262423302 0.12469711401462537
0.10109125941664138 0.12309120348205463
0.10433495499534484 0.11975618757228682
0.10443544910190472 0.1196748879296455
0.10826953573372979 0.11670168916076089
0.11234745570304644 0.1145226355003508
0.11322424229623455 0.11407960215678932
0.11920781265820449 0.11190574325488954
0.12661322016530424 0.11037889645160172
0.13220115571978705 0.10987115220476859
0.13568499600706124 0.10964729414626093
0.1469002943412392 0.10999472213342243
0.16103443677159868 0.11190349257130719
0.17828068760744062 0.11590369459437626
0.1792398481236814 0.11615492958507032
0.2036387913157704 0.12429382805590612
0.22411840337894806 0.1329793851588073
0.23896921224821083 0.1400858673954273
0.25703074783195584 0.14986815148406551
0.2841940901909364 0.16658501380126653
0.3074363737761532 0.1829783670127125
0.31144478028636885 0.18607871113374247
0.32704933358833504 0.19859667705267592
0.32704933358833504 0.19859667705267592
0.34409338179814725 0.21359259024516625
0.3513406517854954 0.22051203705558092
0.3589729842658034 0.22790816429928995
0.37211047670633757 0.2415747405489993
0.38394338137683737 0.25469540215314374
0.39469193007206277 0.2672805756724323
0.40446119984012824 0.279296198471764
0.40663352681570986 0.28213149200560006
0.4135972143313448 0.29088871944657096
0.4221739565464002 0.3020487336576167
0.4299797603846794 0.3126003826647732
0.430545944856309 0.31341155106170115
0.4376633814434309 0.32293144572878013
0.4446315175592379 0.33264987819353964
0.4470922103467626 0.3363112932761989
0.4512244048608553 0.3419654820449299
0.45726073981132276 0.35076871994419245
0.45952508906670114 0.35439163454327
0.4627755776865889 0.3590907773821534
0.467599375203897 0.3668454044252374
0.4687292772783686 0.36892875629952926
0.4719742287624681 0.37419171299759035
0.475164936559305 0.3806768932348036
0.47520595195091403 0.3807495217133253
0.47832147201880104 0.3871248949330866
0.47930734490712384 0.3902630199836651
0.48028263006963506 0.39274977812814404
0.48123970306549846 0.39773340663270695
0.48124899238424523 0.3979362409789148
0.4818053295779431 0.40242859927580643
0.4814993794365432 0.40418387791295884
0.4812416113818907 0.406448444043405
0.4799876561323753 0.40903516242788934
0.4796126789510479 0.40984485623093075
0.4769959059154542 0.4126723875892397
0.4769498350577827 0.4127089318420232
0.47370710930107357 0.41510785181440807
0.47281144484583076 0.4155300878526046
0.4693166154210749 0.4169308656568562
0.46745440521614356 0.4174359383654597
0.46384217318665955 0.4181567330693433
0.4610279491537161 0.41853827480764805
0.45728545424623784 0.41878967235052583
0.45366107483975004 0.4189277426538076
0.449631744706827 0.41882299175839033
0.4454635368144086 0.4186769585472998
0.44085049955474004 0.4182395369912989
0.4365274083210423 0.4178431228942504
0.43089706589508436 0.4170126030802987
0.42692898347691094 0.4164702400386195
0.4197160181693847 0.4151076027673717
0.4167309266962891 0.41459108242354015
0.407246681217675 0.41248489969567587
0.40598464546013924 0.41222903093212804
0.3948690985712427 0.40949704230759326
0.3933561586812595 0.40906359047299073
0.3834694572498916 0.4064436220545903
0.3778343820954751 0.4047175798022925
0.37166419733636125 0.4029673372186604
0.3606589734679527 0.39942005972013445
0.35947588989270113 0.3990667117866225
0.3472066959429002 0.39494895915644324
0.34080691956575954 0.3925906520771244
0.33467787127735116 0.3904655310544025
0.3219293933018292 0.3856273482536343
0.31771326839777125 0.38389420789238204
0.3090787909501759 0.38050668531096554
0.29601878589547687 0.37499902052225287
0.2875914627142849 0.37120651557253714
0.28280885306740855 0.3691286220156223
0.2693277822700641 0.3627690476877606
0.25552579042341844 0.355844024458977
