0.623466073313798 0.6113924377838476
0.5925021738831374 0.6006818961216781
0.5531341307006431 0.5847551118302046
0.5515560243485959 0.5840601204543335
0.5072126040428281 0.562849534703128
0.481733115779891 0.5491413657096087
0.4751402584449091 0.5454514675814836
0.4495220687496231 0.5301521102367085
0.4276976960520934 0.5160668002723079
0.4226449233747418 0.5125996853544516
0.40860180687647396 0.5028645712323929
0.3914981028386891 0.4902940287348165
0.3761215538545055 0.4783015488209043
0.3623834881742138 0.46690909151885995
0.36086837269966143 0.4655884081451705
0.34951592100087364 0.45574943883425756
0.33790152770808896 0.4450728332955437
0.3307855406255303 0.4381169519690719
0.3273836491962725 0.43483092512285904
0.31745782488876767 0.42476274286560045
0.3095538087027959 0.4161053070740953
0.30879049453067015 0.4152840590444466
0.30033188995564764 0.4057984435572866
0.2934703075817576 0.39734391483560183
0.2931568341435004 0.3969666915948415
0.28605474125497143 0.38807877035462013
0.2808633687895028 0.3808248112956367
0.28011569792598817 0.3798100739803339
0.27431244242525205 0.3715489048054501
0.27089563734337857 0.3660628681953018
0.2694270818040816 0.36378462891080243
0.2648917326379283 0.35617937435723723
0.2631051658127092 0.352813527104818
0.26093364708756006 0.34888052981761514
0.25765577588515676 0.34195720397544144
0.257214963182062 0.3409483393095197
0.2545450420315864 0.3351015248701857
0.2527809335062516 0.3301427762567321
0.25224311053436377 0.32870754250895967
0.2502417257973138 0.32246929848097944
0.24972952719215272 0.32038948166863135
0.24871549889933312 0.31649422057829707
0.24802853300141758 0.311704246936289
0.2479102821931448 0.3109281085481235
0.24738750893058675 0.30550987086264175
0.24739332455990187 0.3038433826612016
0.24741896993135465 0.3003994393971527
0.2479527144105198 0.2969486376577387
0.24817324094356627 0.29569200233825327
0.24955811743304857 0.29133042021125233
0.24968601070559698 0.2910074357821137
0.2514119786617417 0.28721977305399343
0.252367105801989 0.2858020321950094
0.25412961964104974 0.2835844565432615
0.25627658893002925 0.28159681929549046
0.25778284677110525 0.2804633955684687
0.26141375545372264 0.27838149732236883
0.2624814935797967 0.27791965820447795
0.26780548033596757 0.27617205712811305
0.2683876861484222 0.2760499350319943
0.27550314869038883 0.27501021425092465
0.2757383247928033 0.27499983301288927
0.28458033380026465 0.27496345140252837
0.28488112116806896 0.27498905091305287
0.2951308043776976 0.2761253618169451
0.2963337949999346 0.2763538975538341
0.3072665501204103 0.2786158753667793
0.3108843577341404 0.27962120657044975
0.32111570437592274 0.28258080341927555
0.32976744293214955 0.285640540167435
0.3368205861871878 0.2881899665365185
0.35451633075097977 0.29561353922455225
0.3550213157538689 0.29584594522915253
0.37389083638736803 0.3045891077557935
0.3917849309324087 0.31377164074294456
0.39552987698746966 0.31569721620231556
0.41905663732944537 0.3285550050147646
0.4449476381218773 0.34353562211702005
0.46260247737657695 0.3541392351840026
0.47310522525966 0.36036780778300964
0.5037050864857042 0.37893186583114247
0.537077728354356 0.3991209126574568
0.5716895204540975 0.4196045467101895
0.5734552595045838 0.42060920593291595
0.6133226362612563 0.44314472528498583
0.6408577916662688 0.45802997255401107
0.6582056339720062 0.46696322486339714
0.6770032605661064 0.4764981331848535
0.7015516923953772 0.48850937604343914
0.7199618151859951 0.4973277832215168
0.7229808541064595 0.4988118702594528
0.7342224490904655 0.5042239058427764
0.7342224490904655 0.5042239058427764
0.7458928614108841 0.5099590926382279
0.7507391530567684 0.5124446462158692
0.7556604001188852 0.5149103670906892
0.7640059905489415 0.5193179399758368
0.7712871527739749 0.5233379498496888
0.7776977949833961 0.5270735141007898
0.7833567694433345 0.5306018462756936
0.7846244779620526 0.531465439270712
0.7884460049282375 0.5339755431400567
0.7930343698759484 0.537235894993184
0.797103013703435 0.5404267310163774
0.7974033915567276 0.5406873259032856
0.8008816920151778 0.5435490983640345
0.8042361208426656 0.5466493636817709
0.8054420588580938 0.5479094805935337
0.8072946641812935 0.5497283836474135
0.8100403688334937 0.5528075529294606
0.8111134161316681 0.5542028818762765
0.8125101723593587 0.5558944544411162
0.8146880254927266 0.5590056330381877
0.8152395674314297 0.5599348689238696
0.8166511125709702 0.5621321948255237
0.8182382363994941 0.5652854133902159
0.81825631733409 0.5653186804064435
0.8197507279487932 0.5685064989395209
0.8203878035648317 0.5703645913643312
0.820906613083801 0.5717593798510766
0.8217621510334184 0.5750693736096857
0.8217911094271981 0.5752194254604399
0.8224568825829924 0.5783991578507365
0.8226129751467931 0.5799050317720856
0.822817902730573 0.5817930738259337
0.8228461720908219 0.5844263296228931
0.8228485414139707 0.5852456217621363
0.8225503563862333 0.5887494855808163
0.822543309754113 0.5888008103297362
0.8219810947675616 0.5922825284221302
0.8217958404925698 0.5930534049826145
0.8210078569220319 0.5958654154754928
0.8205482709021036 0.5971698731913636
0.8195964637202148 0.5994900700423408
0.8188063301932343 0.6011502017757243
0.8176983904557033 0.6031469625727259
0.816565320343128 0.604990382871828
0.8152473334610831 0.6068242026934467
0.8138105704426913 0.6086825280705138
0.812154471621817 0.6105060812436559
0.8105174843044398 0.6122147420218883
0.8083019715193176 0.6141707990958147
0.8066512474138484 0.6155707775757314
0.8035341123412431 0.6177869699676176
0.8021662408657388 0.6187294756145401
0.7976451958883695 0.6213082561228995
0.7970052034851454 0.6216639795811967
0.7911536545611859 0.6243567504620996
0.7903280033730601 0.6246660300382215
0.7845620692815446 0.6267777174626166
0.7811199468554393 0.6277503769391457
0.7770802403112385 0.6288626008826067
0.7694756534174882 0.6303821829563871
0.768596935847647 0.6305517121111487
0.7591415655667846 0.6318240465225713
0.7538962104187292 0.63221184396978
0.7484855926400985 0.6325696186694778
0.7364888030357016 0.6326952010853921
0.7323001751344874 0.63254121486987
0.7230541080489609 0.6321122169838305
0.7078999817182187 0.6306519456120959
0.6973089131851925 0.6291508200668932
0.6908312860895781 0.6281585402509814
0.6714331248240722 0.6243661027028639
0.6492476341265402 0.6189537211533023
