0.13670226511826028 -0.012499999999999956
0.13664810638513403 -0.024999999999999967
0.13638370539662312 -0.03749999999999998
0.13590758667196745 -0.04999999999999998
0.13521826089178754 -0.0625
0.1343142247347866 -0.07499999999999996
0.13319396071350573 -0.08749999999999997
0.13185593700637802 -0.09999999999999998
0.13029860728877218 -0.11249999999999999
0.12852041056027982 -0.125
0.1265197709707643 -0.13749999999999996
0.12500000000000008 -0.14604573272833965
0.12419805177626927 -0.14999999999999997
0.12140921587573214 -0.16249999999999998
0.11835981408075327 -0.175
0.11504770891557767 -0.1875
0.11250000000000002 -0.19641017906892325
0.11130432170512633 -0.19999999999999996
0.10683625876014533 -0.21249999999999997
0.10205112260900923 -0.22499999999999998
0.10000000000000006 -0.23003172283785692
0.09635000465929905 -0.2375
0.08985604561004967 -0.25
0.0875 -0.2542835667593022
0.08185307463503921 -0.26249999999999996
0.07500000000000004 -0.2719291790530541
0.07202601215562432 -0.275
0.06249999999999998 -0.2843288844940623
0.05764874634021232 -0.2875
0.050000000000000024 -0.2922545382023256
0.03750000000000007 -0.296176709815113
0.025 -0.2963013440612485
0.012500000000000046 -0.2926953964692657
0.012500000000000046 -0.2926953964692657
0.0035834218246311167 -0.2875
3.8163916471489756e-17 -0.28533312758472695
-0.011377571750111233 -0.275
-0.012499999999999976 -0.27394055891243296
-0.021584745591992506 -0.26249999999999996
-0.024999999999999988 -0.258023233670705
-0.029894762743865447 -0.25
-0.037207643966997606 -0.2375
-0.0375 -0.2369764380161845
-0.04306783877340823 -0.22499999999999998
-0.048613724108027744 -0.21249999999999997
-0.049999999999999954 -0.20920906822083762
-0.05332124792285687 -0.19999999999999996
-0.05759123227292597 -0.1875
-0.06162445304742447 -0.175
-0.062499999999999965 -0.17210918476139495
-0.06504251091711799 -0.16249999999999998
-0.0681356921671333 -0.14999999999999997
-0.07101496998094642 -0.13749999999999996
-0.07367870193991835 -0.125
-0.07499999999999998 -0.11824115692459479
-0.07599555378262929 -0.11249999999999999
-0.07796559887961457 -0.09999999999999998
-0.0797394295924238 -0.08749999999999997
-0.08131570036512606 -0.07499999999999996
-0.08269305331089971 -0.0625
-0.08387011806978634 -0.04999999999999999
-0.08484551166577317 -0.03749999999999998
-0.08561783836081366 -0.024999999999999967
-0.08618568950756131 -0.012499999999999956
-0.0865476433994882 0.0
-0.08670226511960863 0.012500000000000068
-0.0866481063862333 0.025000000000000022
-0.08638370539748044 0.03749999999999998
-0.08590758667259821 0.050000000000000044
-0.08521826089222301 0.0625
-0.08431422473509054 0.07500000000000007
-0.08319396071369167 0.08750000000000002
-0.08185593700647348 0.10000000000000009
-0.08029860728880972 0.11250000000000004
-0.07852041056029119 0.125
-0.07651977097079696 0.13750000000000007
-0.07499999999999998 0.1460457327284319
-0.07419805177627906 0.15
-0.07140921587577961 0.1625000000000001
-0.06835981408074204 0.17500000000000004
-0.06504770891554654 0.1875
-0.062499999999999965 0.1964101790688887
-0.06130432170513687 0.20000000000000007
-0.05683625876016233 0.21250000000000002
-0.0520511226091424 0.2250000000000001
-0.049999999999999954 0.2300317228383765
-0.04635000465933891 0.23750000000000004
-0.03985604560944236 0.25
-0.0375 0.25428356675745156
-0.031853074635278165 0.26250000000000007
-0.024999999999999988 0.2719291790574854
-0.022026012157573563 0.275
-0.012499999999999976 0.28432888448649446
-0.007648746339459417 0.2875000000000001
3.469446951953614e-17 0.2922545382138112
0.012500000000000046 0.2961767097986369
0.025 0.2963013440825478
0.03750000000000007 0.2926953964430527
0.046416578201313646 0.2875000000000001
0.050000000000000024 0.28533312761625146
0.06137757171794229 0.275
0.06249999999999998 0.2739405588765636
0.07158474560770448 0.26250000000000007
0.07500000000000004 0.25802323370972907
0.07989476274675797 0.25
0.08720764394454322 0.23750000000000004
0.0875 0.23697643797440773
0.09306783877323654 0.2250000000000001
0.0986137241228798 0.21250000000000005
0.10000000000000006 0.20920906826351293
0.10332124792859704 0.20000000000000007
0.1075912322687129 0.1875
0.11162445303593765 0.17500000000000007
0.11250000000000002 0.1721091847192625
0.11504251091164028 0.1625000000000001
0.11813569216715145 0.15000000000000002
0.12101496998489966 0.13750000000000007
0.12367870194651145 0.125
0.12500000000000008 0.11824115696311893
0.12599555378774766 0.11250000000000004
0.12796559888215792 0.10000000000000009
0.12973942959311682 0.08750000000000002
0.13131570036460105 0.07500000000000007
0.13269305330958356 0.0625
0.13387011806803314 0.050000000000000044
0.13484551166387695 0.03749999999999998
0.1356178383589295 0.025000000000000022
0.13618568950578566 0.012500000000000067
0.13654764339792683 0.0
